PB004 - VIBRATING ROD WITH A MASS AT EXTREMITY
7                                                                               
1 0.00  0 0   1 1 1 1 1 1
2 0.01  0 0   1 0 1 1 1 0
3 0.02  0 0   1 0 1 1 1 0
4 0.03  0 0   1 0 1 1 1 0
5 0.04  0 0   1 0 1 1 1 0
6 0.05  0 0   1 0 1 1 1 0
7 0.06  0 0   1 0 1 1 1 0
999
6 BEAM
1 2 200E9 76.92E9 0.004 0.0 7800.0
2 3 200E9 76.92E9 0.010 0.0 7800.0
3 4 200E9 76.92E9 0.010 0.0 7800.0
4 5 200E9 76.92E9 0.010 0.0 7800.0
5 6 200E9 76.92E9 0.010 0.0 7800.0
6 7 200E9 76.92E9 0.010 0.0 7800.0
999                                                                             
999                                                                             
1                                                                               
7 2 0.1                                                                         
999                                                                             
                                                                                
                                                                                
