Input_Signal
200
 0.00000000000000E+0000   0.00000000000000E+0000
 2.51256700736135E-0003   1.40504705905914E+0000
 5.02513401472271E-0003   1.39680230617523E+0000
 7.53770102208762E-0003   3.99903088808060E-0001
 1.00502680294454E-0002   0.00000000000000E+0000
 1.25628350368032E-0002   7.07106769084930E-0001
 1.50754020441752E-0002   1.26007354259491E+0000
 1.75879690515330E-0002   4.31350797414780E-0001
 2.01005360588908E-0002  -1.17557048797607E+0000
 2.26131030662486E-0002  -1.84206306934357E+0000
 2.51256700736064E-0002  -1.00000000000000E+0000
 2.76382370809927E-0002   6.00499920547009E-0002
 3.01508040883505E-0002   1.62630325872826E-0019
 3.26633710956798E-0002  -7.44219720363617E-0001
 3.51759381030661E-0002  -6.42039537429810E-0001
 3.76885051104523E-0002   7.07106769084930E-0001
 4.02010721177817E-0002   1.90211308002472E+0000
 4.27136391251679E-0002   1.57547354698181E+0000
 4.52262061324973E-0002   2.21231743693352E-0001
 4.77387731398835E-0002  -4.97066020965576E-0001
 5.02513401472129E-0002  -2.16840434497101E-0019
 5.27639071545991E-0002   4.97066020965576E-0001
 5.52764741619853E-0002  -2.21231743693352E-0001
 5.77890411693147E-0002  -1.57547354698181E+0000
 6.03016081767009E-0002  -1.90211308002472E+0000
 6.28141751840303E-0002  -7.07106769084930E-0001
 6.53267421913597E-0002   6.42039537429810E-0001
 6.78393091988028E-0002   7.44219720363617E-0001
 7.03518762061321E-0002   1.24683249835833E-0018
 7.28644432134615E-0002  -6.00499920547009E-0002
 7.53770102209046E-0002   1.00000000000000E+0000
 7.78895772282340E-0002   1.84206306934357E+0000
 8.04021442355634E-0002   1.17557048797607E+0000
 8.29147112428927E-0002  -4.31350797414780E-0001
 8.54272782503358E-0002  -1.26007354259491E+0000
 8.79398452576652E-0002  -7.07106769084930E-0001
 9.04524122649946E-0002   1.62630325872826E-0019
 9.29649792724376E-0002  -3.99903088808060E-0001
 9.54775462797670E-0002  -1.39680230617523E+0000
 9.79901132870964E-0002  -1.40504705905914E+0000
 1.00502680294426E-0001   4.33680868994202E-0019
 1.03015247301869E-0001   1.40504705905914E+0000
 1.05527814309198E-0001   1.39680230617523E+0000
 1.08040381316528E-0001   3.99903088808060E-0001
 1.10552948323971E-0001  -3.79470760369927E-0019
 1.13065515331300E-0001   7.07106769084930E-0001
 1.15578082338629E-0001   1.26007354259491E+0000
 1.18090649345959E-0001   4.31350797414780E-0001
 1.20603216353402E-0001  -1.17557048797607E+0000
 1.23115783360731E-0001  -1.84206306934357E+0000
 1.25628350368061E-0001  -1.00000000000000E+0000
 1.28140917375504E-0001   6.00499920547009E-0002
 1.30653484382719E-0001   1.57209315010398E-0018
 1.33166051390162E-0001  -7.44219720363617E-0001
 1.35678618397606E-0001  -6.42039537429810E-0001
 1.38191185404821E-0001   7.07106769084930E-0001
 1.40703752412264E-0001   1.90211308002472E+0000
 1.43216319419707E-0001   1.57547354698181E+0000
 1.45728886426923E-0001   2.21231743693352E-0001
 1.48241453434366E-0001  -4.97066020965576E-0001
 1.50754020441809E-0001   1.08420217248550E-0018
 1.53266587449025E-0001   4.97066020965576E-0001
 1.55779154456468E-0001  -2.21231743693352E-0001
 1.58291721463911E-0001  -1.57547354698181E+0000
 1.60804288471127E-0001  -1.90211308002472E+0000
 1.63316855478570E-0001  -7.07106769084930E-0001
 1.65829422485785E-0001   6.42039537429810E-0001
 1.68341989493229E-0001   7.44219720363617E-0001
 1.70854556500672E-0001   8.67361737988404E-0019
 1.73367123507887E-0001  -6.00499920547009E-0002
 1.75879690515330E-0001   1.00000000000000E+0000
 1.78392257522773E-0001   1.84206306934357E+0000
 1.80904824529989E-0001   1.17557048797607E+0000
 1.83417391537432E-0001  -4.31350797414780E-0001
 1.85929958544875E-0001  -1.26007354259491E+0000
 1.88442525552091E-0001  -7.07106769084930E-0001
 1.90955092559534E-0001   0.00000000000000E+0000
 1.93467659566977E-0001  -3.99903088808060E-0001
 1.95980226574193E-0001  -1.39680230617523E+0000
 1.98492793581636E-0001  -1.40504705905914E+0000
 2.01005360588852E-0001   8.67361737988404E-0019
 2.03517927596295E-0001   1.40504705905914E+0000
 2.06030494603738E-0001   1.39680230617523E+0000
 2.08543061610953E-0001   3.99903088808060E-0001
 2.11055628618396E-0001   1.46367293285543E-0018
 2.13568195625840E-0001   7.07106769084930E-0001
 2.16080762633055E-0001   1.26007354259491E+0000
 2.18593329640498E-0001   4.31350797414780E-0001
 2.21105896647941E-0001  -1.17557048797607E+0000
 2.23618463655157E-0001  -1.84206306934357E+0000
 2.26131030662600E-0001  -1.00000000000000E+0000
 2.28643597670043E-0001   6.00499920547009E-0002
 2.31156164677259E-0001  -2.27682456221956E-0018
 2.33668731684702E-0001  -7.44219720363617E-0001
 2.36181298691918E-0001  -6.42039537429810E-0001
 2.38693865699361E-0001   7.07106769084930E-0001
 2.41206432706804E-0001   1.90211308002472E+0000
 2.43718999714019E-0001   1.57547354698181E+0000
 2.46231566721463E-0001   2.21231743693352E-0001
 2.48744133728906E-0001  -4.97066020965576E-0001
 2.51256700736121E-0001   6.50521303491303E-0019
 2.53769267743337E-0001   4.97066020965576E-0001
 2.56281834751007E-0001  -2.21231743693352E-0001
 2.58794401758223E-0001  -1.57547354698181E+0000
 2.61306968765439E-0001  -1.90211308002472E+0000
 2.63819535773109E-0001  -7.07106769084930E-0001
 2.66332102780325E-0001   6.42039537429810E-0001
 2.68844669787541E-0001   7.44219720363617E-0001
 2.71357236795211E-0001  -4.39101879856629E-0018
 2.73869803802427E-0001  -6.00499920547009E-0002
 2.76382370809642E-0001   1.00000000000000E+0000
 2.78894937817313E-0001   1.84206306934357E+0000
 2.81407504824529E-0001   1.17557048797607E+0000
 2.83920071831744E-0001  -4.31350797414780E-0001
 2.86432638839415E-0001  -1.26007354259491E+0000
 2.88945205846630E-0001  -7.07106769084930E-0001
 2.91457772853846E-0001   9.75781955236954E-0019
 2.93970339861517E-0001  -3.99903088808060E-0001
 2.96482906868732E-0001  -1.39680230617523E+0000
 2.98995473875948E-0001  -1.40504705905914E+0000
 3.01508040883618E-0001   4.77048955893622E-0018
 3.04020607890834E-0001   1.40504705905914E+0000
 3.06533174898050E-0001   1.39680230617523E+0000
 3.09045741905720E-0001   3.99903088808060E-0001
 3.11558308912936E-0001   4.33680868994202E-0019
 3.14070875920152E-0001   7.07106769084930E-0001
 3.16583442927822E-0001   1.26007354259491E+0000
 3.19096009935038E-0001   4.31350797414780E-0001
 3.21608576942253E-0001  -1.17557048797607E+0000
 3.24121143949469E-0001  -1.84206306934357E+0000
 3.26633710957140E-0001  -1.00000000000000E+0000
 3.29146277964355E-0001   6.00499920547009E-0002
 3.31658844971571E-0001   3.63207727782644E-0018
 3.34171411979241E-0001  -7.44219720363617E-0001
 3.36683978986457E-0001  -6.42039537429810E-0001
 3.39196545993673E-0001   7.07106769084930E-0001
 3.41709113001343E-0001   1.90211308002472E+0000
 3.44221680008559E-0001   1.57547354698181E+0000
 3.46734247015775E-0001   2.21231743693352E-0001
 3.49246814023445E-0001  -4.97066020965576E-0001
 3.51759381030661E-0001  -6.72205346941013E-0018
 3.54271948037876E-0001   4.97066020965576E-0001
 3.56784515045547E-0001  -2.21231743693352E-0001
 3.59297082052763E-0001  -1.57547354698181E+0000
 3.61809649059978E-0001  -1.90211308002472E+0000
 3.64322216067649E-0001  -7.07106769084930E-0001
 3.66834783074864E-0001   6.42039537429810E-0001
 3.69347350082080E-0001   7.44219720363617E-0001
 3.71859917089751E-0001   7.15573433840433E-0018
 3.74372484096966E-0001  -6.00499920547009E-0002
 3.76885051104182E-0001   1.00000000000000E+0000
 3.79397618111852E-0001   1.84206306934357E+0000
 3.81910185119068E-0001   1.17557048797607E+0000
 3.84422752126284E-0001  -4.31350797414780E-0001
 3.86935319133954E-0001  -1.26007354259491E+0000
 3.89447886141170E-0001  -7.07106769084930E-0001
 3.91960453148386E-0001  -1.30104260698261E-0018
 3.94473020155601E-0001  -3.99903088808060E-0001
 3.96985587163272E-0001  -1.39680230617523E+0000
 3.99498154170487E-0001  -1.40504705905914E+0000
 4.02010721177703E-0001   1.73472347597681E-0018
 4.04523288185374E-0001   1.40504705905914E+0000
 4.07035855192589E-0001   1.39680230617523E+0000
 4.09548422199805E-0001   3.99903088808060E-0001
 4.12060989207475E-0001  -1.95156391047391E-0018
 4.14573556214691E-0001   7.07106769084930E-0001
 4.17086123221907E-0001   1.26007354259491E+0000
 4.19598690229577E-0001   4.31350797414780E-0001
 4.22111257236793E-0001  -1.17557048797607E+0000
 4.24623824244009E-0001  -1.84206306934357E+0000
 4.27136391251679E-0001  -1.00000000000000E+0000
 4.29648958258895E-0001   6.00499920547009E-0002
 4.32161525266110E-0001  -4.39101879856629E-0018
 4.34674092273781E-0001  -7.44219720363617E-0001
 4.37186659280997E-0001  -6.42039537429810E-0001
 4.39699226288212E-0001   7.07106769084930E-0001
 4.42211793295883E-0001   1.90211308002472E+0000
 4.44724360303098E-0001   1.57547354698181E+0000
 4.47236927310314E-0001   2.21231743693352E-0001
 4.49749494317985E-0001  -4.97066020965576E-0001
 4.52262061325200E-0001  -1.06251812903579E-0017
 4.54774628332416E-0001   4.97066020965576E-0001
 4.57287195340086E-0001  -2.21231743693352E-0001
 4.59799762347302E-0001  -1.57547354698181E+0000
 4.62312329354518E-0001  -1.90211308002472E+0000
 4.64824896361733E-0001  -7.07106769084930E-0001
 4.67337463369404E-0001   6.42039537429810E-0001
 4.69850030376620E-0001   7.44219720363617E-0001
 4.72362597383835E-0001  -9.21571846612679E-0019
 4.74875164391506E-0001  -6.00499920547009E-0002
 4.77387731398721E-0001   1.00000000000000E+0000
 4.79900298405937E-0001   1.84206306934357E+0000
 4.82412865413608E-0001   1.17557048797607E+0000
 4.84925432420823E-0001  -4.31350797414780E-0001
 4.87437999428039E-0001  -1.26007354259491E+0000
 4.89950566435709E-0001  -7.07106769084930E-0001
 4.92463133442925E-0001   1.78893358460108E-0018
 4.94975700450141E-0001  -3.99903088808060E-0001
 4.97488267457811E-0001  -1.39680230617523E+0000
 5.00000834465027E-0001  -1.40504705905914E+0000