SIGNAL FOR DECONVOLUTION TEST
450.00
0.05
10.0
400
1.0
800.0
1024
0.00019550
 0.00000000000000E+0000   0.00000000000000E+0000
 1.95503421309917E-0004   1.95634000000064E+0000
 3.91006842619834E-0004   1.48561999999947E+0001
 5.86510263929974E-0004   4.03842999999761E+0001
 7.82013685239669E-0004   7.11282999999821E+0001
 9.77517106550252E-0004   9.33813000000082E+0001
 1.17302052785995E-0003   9.33834000000497E+0001
 1.36852394916964E-0003   6.42785000000149E+0001
 1.56402737047934E-0003   1.06401999999944E+0001
 1.75953079178903E-0003  -5.16672000000253E+0001
 1.95503421310050E-0003  -1.00631000000052E+0002
 2.15053763441020E-0003  -1.16459000000032E+0002
 2.34604105571989E-0003  -8.99257000000216E+0001
 2.54154447702959E-0003  -2.72332999999926E+0001
 2.73704789833928E-0003   5.08836000000010E+0001
 2.93255131964898E-0003   1.15902000000002E+0002
 3.12805474095867E-0003   1.41875999999931E+0002
 3.32355816226837E-0003   1.15626000000047E+0002
 3.51906158357806E-0003   4.27827999999863E+0001
 3.71456500488776E-0003  -5.29060000000172E+0001
 3.91006842620101E-0003  -1.37172999999952E+0002
 4.10557184751070E-0003  -1.77269000000088E+0002
 4.30107526882040E-0003  -1.54186999999918E+0002
 4.49657869013009E-0003  -7.05241000000387E+0001
 4.69208211143979E-0003   4.91462000000174E+0001
 4.88758553274948E-0003   1.65888000000035E+0002
 5.08308895405918E-0003   2.39580000000075E+0002
 5.27859237536887E-0003   2.43094000000041E+0002
 5.47409579667857E-0003   1.72395000000019E+0002
 5.66959921798826E-0003   4.87779999999912E+0001
 5.86510263929796E-0003  -8.78066999999573E+0001
 6.06060606060765E-0003  -1.92200999999885E+0002
 6.25610948191735E-0003  -2.29648000000045E+0002
 6.45161290322704E-0003  -1.88047999999952E+0002
 6.64711632453674E-0003  -8.24586999999592E+0001
 6.84261974584643E-0003   4.99059000000125E+0001
 7.03812316715613E-0003   1.62533000000054E+0002
 7.23362658846582E-0003   2.15875999999931E+0002
 7.42913000977552E-0003   1.91306000000099E+0002
 7.62463343108521E-0003   9.77752000000328E+0001
 7.82013685240202E-0003  -3.12159000000102E+0001
 8.01564027371171E-0003  -1.49354999999981E+0002
 8.21114369502141E-0003  -2.13851000000024E+0002
 8.40664711633110E-0003  -2.00597999999998E+0002
 8.60215053764080E-0003  -1.12812000000034E+0002
 8.79765395895049E-0003   1.99532999999938E+0001
 8.99315738026019E-0003   1.52080000000075E+0002
 9.18866080156988E-0003   2.37825999999885E+0002
 9.38416422287958E-0003   2.47324000000022E+0002
 9.57966764418927E-0003   1.76972000000067E+0002
 9.77517106549897E-0003   5.05926999999792E+0001
 9.97067448680866E-0003  -8.90189000000246E+0001
 1.01661779081184E-0002  -1.95134000000078E+0002
 1.03616813294281E-0002  -2.33357000000076E+0002
 1.05571847507377E-0002  -1.93392999999924E+0002
 1.07526881720474E-0002  -9.21968999999808E+0001
 1.09481915933571E-0002   3.24935999999871E+0001
 1.11436950146668E-0002   1.35850000000093E+0002
 1.13391984359765E-0002   1.81922999999952E+0002
 1.15347018572862E-0002   1.56189000000013E+0002
 1.17302052785959E-0002   7.02750000000233E+0001
 1.19257086999056E-0002  -4.27149000000209E+0001
 1.21212121212153E-0002  -1.40468000000110E+0002
 1.23167155425250E-0002  -1.86831999999937E+0002
 1.25122189638347E-0002  -1.64745000000112E+0002
 1.27077223851444E-0002  -8.21361000000034E+0001
 1.29032258064541E-0002   3.12245999999868E+0001
 1.30987292277638E-0002   1.34668000000063E+0002
 1.32942326490735E-0002   1.91324999999953E+0002
 1.34897360703832E-0002   1.81266000000061E+0002
 1.36852394916929E-0002   1.08376999999979E+0002
 1.38807429130026E-0002  -1.38767999999982E+0000
 1.40762463343123E-0002  -1.09623000000021E+0002
 1.42717497556220E-0002  -1.79377000000095E+0002
 1.44672531769316E-0002  -1.88273999999976E+0002
 1.46627565982413E-0002  -1.36141000000061E+0002
 1.48582600195510E-0002  -4.44942000000156E+0001
 1.50537634408607E-0002   5.17824999999721E+0001
 1.52492668621704E-0002   1.17418999999994E+0002
 1.54447702834801E-0002   1.29600000000093E+0002
 1.56402737048040E-0002   8.60102000000188E+0001
 1.58357771261137E-0002   5.22652999999991E+0000
 1.60312805474234E-0002  -8.05585000000428E+0001
 1.62267839687331E-0002  -1.37700999999885E+0002
 1.64222873900428E-0002  -1.43634000000078E+0002
 1.66177908113525E-0002  -9.51587000000291E+0001
 1.68132942326622E-0002  -9.50420999999915E+0000
 1.70087976539719E-0002   8.21539000000339E+0001
 1.72043010752816E-0002   1.46260000000009E+0002
 1.73998044965913E-0002   1.59235000000102E+0002
 1.75953079179010E-0002   1.16079999999958E+0002
 1.77908113392107E-0002   3.21070000000182E+0001
 1.79863147605204E-0002  -6.27857000000076E+0001
 1.81818181818301E-0002  -1.35118000000017E+0002
 1.83773216031398E-0002  -1.60040000000037E+0002
 1.85728250244495E-0002  -1.30266000000061E+0002
 1.87683284457592E-0002  -5.84686000000220E+0001
 1.89638318670688E-0002   2.76681999999855E+0001
 1.91593352883785E-0002   9.58586999999825E+0001
 1.93548387096882E-0002   1.21212999999989E+0002
 1.95503421309979E-0002   9.53845999999903E+0001
 1.97458455523076E-0002   2.95092000000004E+0001
 1.99413489736173E-0002  -5.00974999999744E+0001
 2.01368523949270E-0002  -1.11868999999948E+0002
 2.03323558162367E-0002  -1.30837000000058E+0002
 2.05278592375464E-0002  -9.80172999999486E+0001
 2.07233626588561E-0002  -2.38648000000103E+0001
 2.09188660801658E-0002   6.54764000000432E+0001
 2.11143695014755E-0002   1.37733999999939E+0002
 2.13098729227852E-0002   1.66361999999965E+0002
 2.15053763440949E-0002   1.40320000000065E+0002
 2.17008797654046E-0002   6.81933999999892E+0001
 2.18963831867143E-0002  -2.48716999999888E+0001
 2.20918866080240E-0002  -1.06275000000023E+0002
 2.22873900293337E-0002  -1.47784999999916E+0002
 2.24828934506434E-0002  -1.35735000000102E+0002
 2.26783968719531E-0002  -7.58828000000212E+0001
 2.28739002932628E-0002   8.84342000000470E+0000
 2.30694037145724E-0002   8.68558000000194E+0001
 2.32649071358821E-0002   1.29543000000063E+0002
 2.34604105571918E-0002   1.21761999999988E+0002
 2.36559139785015E-0002   6.73364999999758E+0001
 2.38514173998112E-0002  -1.24312999999966E+0001
 2.40469208211209E-0002  -8.66855999999680E+0001
 2.42424242424306E-0002  -1.26456000000006E+0002
 2.44379276637403E-0002  -1.15412000000011E+0002
 2.46334310850500E-0002  -5.59838999999920E+0001
 2.48289345063597E-0002   3.13875999999873E+0001
 2.50244379276694E-0002   1.15613999999943E+0002
 2.52199413489791E-0002   1.66237999999896E+0002
 2.54154447702888E-0002   1.64522000000114E+0002
 2.56109481915985E-0002   1.10287999999942E+0002
 2.58064516129082E-0002   2.20450000000128E+0001
 2.60019550342179E-0002  -6.96716000000015E+0001
 2.61974584555276E-0002  -1.33286000000080E+0002
 2.63929618768373E-0002  -1.47516999999993E+0002
 2.65884652981470E-0002  -1.08939000000013E+0002
 2.67839687194567E-0002  -3.30345000000088E+0001
 2.69794721407663E-0002   5.15961000000243E+0001
 2.71749755620760E-0002   1.13753999999957E+0002
 2.73704789833857E-0002   1.31023000000045E+0002
 2.75659824046954E-0002   9.78684999999823E+0001
 2.77614858260051E-0002   2.75285999999905E+0001
 2.79569892473148E-0002  -5.29726999999839E+0001
 2.81524926686245E-0002  -1.12836000000010E+0002
 2.83479960899342E-0002  -1.28851000000024E+0002
 2.85434995112439E-0002  -9.39571999999462E+0001
 2.87390029325536E-0002  -1.98879000000015E+0001
 2.89345063538633E-0002   6.70531999999657E+0001
 2.91300097751730E-0002   1.35533000000054E+0002
 2.93255131964827E-0002   1.60560000000056E+0002
 2.95210166177924E-0002   1.32543000000063E+0002
 2.97165200391021E-0002   6.07583999999915E+0001
 2.99120234604118E-0002  -3.00168000000122E+0001
 3.01075268817215E-0002  -1.08459999999963E+0002
 3.03030303030312E-0002  -1.47970999999903E+0002
 3.04985337243409E-0002  -1.36158999999985E+0002
 3.06940371456506E-0002  -7.91204000000143E+0001
 3.08895405669602E-0002   1.00258000000031E+0000
 3.10850439882699E-0002   7.42574999999488E+0001
 3.12805474096081E-0002   1.13866000000038E+0002
 3.14760508309178E-0002   1.05945999999996E+0002
 3.16715542522275E-0002   5.44462000000058E+0001
 3.18670576735371E-0002  -2.04851999999955E+0001
 3.20625610948468E-0002  -9.00446000000229E+0001
 3.22580645161565E-0002  -1.27449000000022E+0002
 3.24535679374662E-0002  -1.17822999999975E+0002
 3.26490713587759E-0002  -6.36929000000237E+0001
 3.28445747800856E-0002   1.59143000000040E+0001
 3.30400782013953E-0002   9.23952999999747E+0001
 3.32355816227050E-0002   1.37989000000060E+0002
 3.34310850440147E-0002   1.35868000000017E+0002
 3.36265884653244E-0002   8.62404000000097E+0001
 3.38220918866341E-0002   6.24511999999959E+0000
 3.40175953079438E-0002  -7.62787999999709E+0001
 3.42130987292535E-0002  -1.32864999999991E+0002
 3.44086021505632E-0002  -1.44648000000045E+0002
 3.46041055718729E-0002  -1.09040000000037E+0002
 3.47996089931826E-0002  -4.04469999999856E+0001
 3.49951124144923E-0002   3.51851000000024E+0001
 3.51906158358020E-0002   8.99625000000233E+0001
 3.53861192571117E-0002   1.04250000000000E+0002
 3.55816226784214E-0002   7.37634000000544E+0001
 3.57771260997310E-0002   1.09814000000042E+0001
 3.59726295210407E-0002  -5.96021000000183E+0001
 3.61681329423504E-0002  -1.10608000000007E+0002
 3.63636363636601E-0002  -1.21920999999973E+0002
 3.65591397849698E-0002  -8.81365000000224E+0001
 3.67546432062795E-0002  -2.05858000000007E+0001
 3.69501466275892E-0002   5.67773000000161E+0001
 3.71456500488989E-0002   1.16111000000034E+0002
 3.73411534702086E-0002   1.35834000000032E+0002
 3.75366568915183E-0002   1.08483000000007E+0002
 3.77321603128280E-0002   4.34155000000028E+0001
 3.79276637341377E-0002  -3.65923000000184E+0001
 3.81231671554474E-0002  -1.03609999999986E+0002
 3.83186705767571E-0002  -1.34634000000078E+0002
 3.85141739980668E-0002  -1.19819000000018E+0002
 3.87096774193765E-0002  -6.58752000000095E+0001
 3.89051808406862E-0002   6.56977000000188E+0000
 3.91006842619959E-0002   7.06491999999853E+0001
 3.92961876833056E-0002   1.03133000000031E+0002
 3.94916911046153E-0002   9.28876000000164E+0001
 3.96871945259250E-0002   4.48429999999935E+0001
 3.98826979472346E-0002  -2.19658000000054E+0001
 4.00782013685443E-0002  -8.15222999999532E+0001
 4.02737047898540E-0002  -1.10488999999943E+0002
 4.04692082111637E-0002  -9.68529000000563E+0001
 4.06647116324734E-0002  -4.43947000000044E+0001
 4.08602150537831E-0002   2.86463999999978E+0001
 4.10557184750928E-0002   9.62053999999771E+0001
 4.12512218964025E-0002   1.33888999999966E+0002
 4.14467253177122E-0002   1.27861000000034E+0002
 4.16422287390219E-0002   7.98789000000106E+0001
 4.18377321603316E-0002   6.65591000000131E+0000
 4.20332355816413E-0002  -6.61988999999594E+0001
 4.22287390029510E-0002  -1.13439000000013E+0002
 4.24242424242607E-0002  -1.19253999999957E+0002
 4.26197458455704E-0002  -8.28675000000512E+0001
 4.28152492668801E-0002  -1.86363000000129E+0001
 4.30107526881898E-0002   4.93435000000172E+0001
 4.32062561094995E-0002   9.61254000000190E+0001
 4.34017595308092E-0002   1.05033999999985E+0002
 4.35972629521189E-0002   7.36883999999845E+0001
 4.37927663734285E-0002   1.47461000000039E+0001
 4.39882697947382E-0002  -4.88735999999917E+0001
 4.41837732160479E-0002  -9.25121000000509E+0001
 4.43792766373576E-0002  -9.89039000000339E+0001
 4.45747800586673E-0002  -6.45720999999903E+0001
 4.47702834799770E-0002  -1.15557000000081E+0000
 4.49657869012867E-0002   6.88061000000453E+0001
 4.51612903225964E-0002   1.20076000000001E+0002
 4.53567937439061E-0002   1.33908000000054E+0002
 4.55522971652158E-0002   1.04866999999969E+0002
 4.57478005865255E-0002   4.28078000000096E+0001
 4.59433040078352E-0002  -3.07061999999860E+0001
 4.61388074291449E-0002  -9.02018000000389E+0001
 4.63343108504546E-0002  -1.15476999999955E+0002
 4.65298142717643E-0002  -9.88144000000320E+0001
 4.67253176930740E-0002  -4.76166000000085E+0001
 4.69208211143837E-0002   1.84592000000121E+0001
 4.71163245356934E-0002   7.47955000000075E+0001
 4.73118279570031E-0002   1.00846000000020E+0002
 4.75073313783128E-0002   8.76054999999469E+0001
 4.77028347996225E-0002   4.07948999999790E+0001
 4.78983382209321E-0002  -2.13661000000138E+0001
 4.80938416422418E-0002  -7.49640000000363E+0001
 4.82893450635515E-0002  -9.92554000000237E+0001
 4.84848484848612E-0002  -8.43412999999709E+0001
 4.86803519061709E-0002  -3.48445000000065E+0001
 4.88758553274806E-0002   3.17407999999996E+0001
 4.90713587487903E-0002   9.14113000000361E+0001
 4.92668621701000E-0002   1.22395000000019E+0002
 4.94623655914097E-0002   1.13072999999975E+0002
 4.96578690127194E-0002   6.62034999999451E+0001
 4.98533724340291E-0002  -2.08584999999948E+0000
 5.00488758553388E-0002  -6.81421000000555E+0001
 5.02443792766485E-0002  -1.09332000000053E+0002
 5.04398826979582E-0002  -1.12162999999942E+0002
 5.06353861192679E-0002  -7.70431000000099E+0001
 5.08308895405776E-0002  -1.79557999999961E+0001
 5.10263929618873E-0002   4.27813999999780E+0001
 5.12218963831970E-0002   8.27434000000358E+0001
 5.14173998045067E-0002   8.75879000000423E+0001
 5.16129032258164E-0002   5.62219000000041E+0001
 5.18084066471260E-0002   1.07827999999972E+0000
 5.20039100684357E-0002  -5.65694999999832E+0001
 5.21994134897454E-0002  -9.45148999999510E+0001
 5.23949169110551E-0002  -9.78386999999639E+0001
 5.25904203323648E-0002  -6.44320999999763E+0001
 5.27859237536745E-0002  -5.81100000000151E+0000
 5.29814271749842E-0002   5.70631999999750E+0001
 5.31769305962939E-0002   1.01417000000016E+0002
 5.33724340176036E-0002   1.10956000000006E+0002
 5.35679374389133E-0002   8.17933999999659E+0001
 5.37634408602230E-0002   2.38550000000105E+0001
 5.39589442815327E-0002  -4.27228999999934E+0001
 5.41544477028424E-0002  -9.48837000000058E+0001
 5.43499511241521E-0002  -1.14957000000053E+0002
 5.45454545454618E-0002  -9.69584999999497E+0001
 5.47409579667715E-0002  -4.86107000000193E+0001
 5.49364613880812E-0002   1.16294000000053E+0001
 5.51319648093909E-0002   6.14124999999767E+0001
 5.53274682307006E-0002   8.26942999999737E+0001
 5.55229716520103E-0002   6.82883999999613E+0001
 5.57184750733200E-0002   2.43942000000097E+0001
 5.59139784946296E-0002  -3.18001999999979E+0001
 5.61094819159393E-0002  -7.85335999999661E+0001
 5.63049853372490E-0002  -9.75407000000123E+0001
 5.65004887585587E-0002  -8.08109999999870E+0001
 5.66959921798684E-0002  -3.35704999999725E+0001
 5.68914956011781E-0002   2.75946000000113E+0001
 5.70869990224878E-0002   8.07739999999758E+0001
 5.72825024437975E-0002   1.06712000000058E+0002
 5.74780058651072E-0002   9.58177000000142E+0001
 5.76735092864169E-0002   5.16476000000257E+0001
 5.78690127077266E-0002  -1.03873000000021E+0001
 5.80645161290363E-0002  -6.86104000000050E+0001
 5.82600195503460E-0002  -1.02908000000054E+0002
 5.84555229716557E-0002  -1.01947999999975E+0002
 5.86510263929654E-0002  -6.71607999999542E+0001
 5.88465298142751E-0002  -1.20660999999964E+0001
 5.90420332355848E-0002   4.27852999999886E+0001
 5.92375366568945E-0002   7.73817000000272E+0001
 5.94330400782042E-0002   7.95544999999693E+0001
 5.96285434995139E-0002   4.93540999999968E+0001
 5.98240469208235E-0002  -1.08158000000003E+0000
 6.00195503421332E-0002  -5.20927999999840E+0001
 6.02150537634429E-0002  -8.38031999999657E+0001
 6.04105571847526E-0002  -8.34788999999873E+0001
 6.06060606060623E-0002  -5.02468000000226E+0001
 6.08015640273720E-0002   4.54600999999820E+0000
 6.09970674486817E-0002   6.14515999999712E+0001
 6.11925708699914E-0002   1.00003000000026E+0002
 6.13880742913011E-0002   1.06165000000037E+0002
 6.15835777126108E-0002   7.74427000000142E+0001
 6.17790811339205E-0002   2.37795000000042E+0001
 6.19745845552302E-0002  -3.60475999999908E+0001
 6.21700879765399E-0002  -8.12249000000302E+0001
 6.23655913978496E-0002  -9.63972000000067E+0001
 6.25610948192161E-0002  -7.71356999999844E+0001
 6.27565982405258E-0002  -3.14064000000071E+0001
 6.29521016618355E-0002   2.34717999999993E+0001
 6.31476050831452E-0002   6.72397999999812E+0001
 6.33431085044549E-0002   8.41228000000119E+0001
 6.35386119257646E-0002   6.85535000000382E+0001
 6.37341153470743E-0002   2.71144999999960E+0001
 6.39296187683840E-0002  -2.39864999999991E+0001
 6.41251221896937E-0002  -6.49608000000007E+0001
 6.43206256110034E-0002  -7.97724000000162E+0001
 6.45161290323131E-0002  -6.20729000000283E+0001
 6.47116324536228E-0002  -1.75689999999886E+0001
 6.49071358749325E-0002   3.80328999999911E+0001
 6.51026392962422E-0002   8.47425999999978E+0001
 6.52981427175519E-0002   1.05565999999992E+0002
 6.54936461388615E-0002   9.26888999999501E+0001
 6.56891495601712E-0002   5.03180999999749E+0001
 6.58846529814809E-0002  -6.85053999999946E+0000
 6.60801564027906E-0002  -5.89563000000198E+0001
 6.62756598241003E-0002  -8.81439999999711E+0001
 6.64711632454100E-0002  -8.49638000000268E+0001
 6.66666666667197E-0002  -5.16802000000025E+0001
 6.68621700880294E-0002  -1.30739999999969E+0000
 6.70576735093391E-0002   4.72500000000000E+0001
 6.72531769306488E-0002   7.61544999999460E+0001
 6.74486803519585E-0002   7.51409999999451E+0001
 6.76441837732682E-0002   4.52008999999962E+0001
 6.78396871945779E-0002  -1.88568999999916E+0000
 6.80351906158876E-0002  -4.79709000000148E+0001
 6.82306940371973E-0002  -7.52789999999804E+0001
 6.84261974585070E-0002  -7.29851000000490E+0001
 6.86217008798167E-0002  -4.12268000000040E+0001
 6.88172043011264E-0002   8.91182999999728E+0000
 6.90127077224361E-0002   5.94270000000251E+0001
 6.92082111437458E-0002   9.19518000000389E+0001
 6.94037145650555E-0002   9.44433999999892E+0001
 6.95992179863651E-0002   6.55627999999560E+0001
 6.97947214076748E-0002   1.51592999999993E+0001
 6.99902248289845E-0002  -3.93040000000037E+0001
 7.01857282502942E-0002  -7.90666000000201E+0001
 7.03812316716039E-0002  -9.08214999999618E+0001
 7.05767350929136E-0002  -7.14464000000153E+0001
 7.07722385142233E-0002  -2.90070000000123E+0001
 7.09677419355330E-0002   2.03076000000001E+0001
 7.11632453568427E-0002   5.81726999999955E+0001
 7.13587487781524E-0002   7.08403000000399E+0001
 7.15542521994621E-0002   5.41207999999751E+0001
 7.17497556207718E-0002   1.48273999999947E+0001
 7.19452590420815E-0002  -3.18222999999998E+0001
 7.21407624633912E-0002  -6.78765999999596E+0001
 7.23362658847009E-0002  -7.93009000000311E+0001
 7.25317693060106E-0002  -6.11714999999967E+0001
 7.27272727273203E-0002  -1.95157999999938E+0001
 7.29227761486300E-0002   3.08646000000008E+0001
 7.31182795699397E-0002   7.17813000000315E+0001
 7.33137829912494E-0002   8.82833999999566E+0001
 7.35092864125590E-0002   7.40975999999791E+0001
 7.37047898338687E-0002   3.39076999999816E+0001
 7.39002932551784E-0002  -1.83489999999874E+0001
 7.40957966764881E-0002  -6.45307000000030E+0001
 7.42913000977978E-0002  -8.88384000000078E+0001
 7.44868035191075E-0002  -8.34736000000266E+0001
 7.46823069404172E-0002  -5.13569000000134E+0001
 7.48778103617269E-0002  -4.93738000000303E+0000
 7.50733137830366E-0002   3.84470999999903E+0001
 7.52688172043463E-0002   6.29458999999915E+0001
 7.54643206256560E-0002   5.99720000000088E+0001
 7.56598240469657E-0002   3.12742999999900E+0001
 7.58553274682754E-0002  -1.17982999999949E+0001
 7.60508308895851E-0002  -5.25512999999919E+0001
 7.62463343108948E-0002  -7.51415999999736E+0001
 7.64418377322045E-0002  -7.04422000000486E+0001
 7.66373411535142E-0002  -3.94257000000216E+0001
 7.68328445748239E-0002   7.15974999999889E+0000
 7.70283479961336E-0002   5.26970999999903E+0001
 7.72238514174433E-0002   8.07517000000225E+0001
 7.74193548387530E-0002   8.10539000000572E+0001
 7.76148582600626E-0002   5.32335999999777E+0001
 7.78103616813723E-0002   6.95169999999780E+0000
 7.80058651026820E-0002  -4.16056000000099E+0001
 7.82013685239917E-0002  -7.55799999999581E+0001
 7.83968719453014E-0002  -8.35052999999607E+0001
 7.85923753666111E-0002  -6.33768999999738E+0001
 7.87878787879208E-0002  -2.32606000000087E+0001
 7.89833822092305E-0002   2.17574000000022E+0001
 7.91788856305402E-0002   5.51453999999794E+0001
 7.93743890518499E-0002   6.49760000000242E+0001
 7.95698924731596E-0002   4.82425999999978E+0001
 7.97653958944693E-0002   1.18764999999985E+0001
 7.99608993157790E-0002  -2.98863000000129E+0001
 8.01564027370887E-0002  -6.08064000000013E+0001
 8.03519061583984E-0002  -6.86568999999436E+0001
 8.05474095797081E-0002  -4.97493999999715E+0001
 8.07429130010178E-0002  -1.03181999999942E+0001
 8.09384164223275E-0002   3.57342000000062E+0001
 8.11339198436372E-0002   7.18980000000447E+0001
 8.13294232649469E-0002   8.50681999999797E+0001
 8.15249266862565E-0002   7.03122999999905E+0001
 8.17204301075662E-0002   3.26611999999732E+0001
 8.19159335288759E-0002  -1.47188000000024E+0001
 8.21114369501856E-0002  -5.52961999999825E+0001
 8.23069403714953E-0002  -7.51371999999974E+0001
 8.25024437928050E-0002  -6.78915000000270E+0001
 8.26979472141147E-0002  -3.69934999999823E+0001
 8.28934506354244E-0002   5.70276000000013E+0000
 8.30889540567341E-0002   4.43341999999830E+0001
 8.32844574780438E-0002   6.48577999999980E+0001
 8.34799608993535E-0002   6.01638999999850E+0001
 8.36754643206632E-0002   3.26116000000038E+0001
 8.38709677419729E-0002  -6.92276000000129E+0000
 8.40664711632826E-0002  -4.31172999999835E+0001
 8.42619745845923E-0002  -6.18901000000187E+0001
 8.44574780059020E-0002  -5.56105000000098E+0001
 8.46529814272117E-0002  -2.59310000000114E+0001
 8.48484848485214E-0002   1.67901000000129E+0001
 8.50439882698311E-0002   5.72552000000142E+0001
 8.52394916911408E-0002   8.07976999999955E+0001
 8.54349951124505E-0002   7.87219000000041E+0001
 8.56304985337601E-0002   5.14640999999829E+0001
 8.58260019550698E-0002   8.43206999999529E+0000
 8.60215053763795E-0002  -3.54074999999721E+0001
 8.62170087976892E-0002  -6.49392999999691E+0001
 8.64125122189989E-0002  -7.03325999999652E+0001
 8.66080156403086E-0002  -5.05227999999770E+0001
 8.68035190616183E-0002  -1.34885999999969E+0001
 8.69990224829280E-0002   2.67554999999993E+0001
 8.71945259042377E-0002   5.53327999999747E+0001
 8.73900293255474E-0002   6.19458999999915E+0001
 8.75855327468571E-0002   4.45978999999934E+0001
 8.77810361681668E-0002   1.02467999999935E+0001
 8.79765395894765E-0002  -2.78283999999985E+0001
 8.81720430107862E-0002  -5.49687999999733E+0001
 8.83675464320959E-0002  -6.05643999999738E+0001
 8.85630498534056E-0002  -4.19813999999897E+0001
 8.87585532747153E-0002  -5.55610000000161E+0000
 8.89540566960250E-0002   3.57004999999772E+0001
 8.91495601173347E-0002   6.68397999999579E+0001
 8.93450635386444E-0002   7.64196999999695E+0001
 8.95405669599540E-0002   6.06673999999766E+0001
 8.97360703812637E-0002   2.48493000000017E+0001
 8.99315738025734E-0002  -1.86418000000122E+0001
 9.01270772238831E-0002  -5.47744999999995E+0001
 9.03225806451928E-0002  -7.12977999999421E+0001
 9.05180840665025E-0002  -6.31196999999811E+0001
 9.07135874878122E-0002  -3.40590000000084E+0001
 9.09090909091219E-0002   4.64957999999751E+0000
 9.11045943304316E-0002   3.85292999999947E+0001
 9.13000977517413E-0002   5.51783000000287E+0001
 9.14956011730510E-0002   4.87809000000125E+0001
 9.16911045943607E-0002   2.21743999999890E+0001
 9.18866080156704E-0002  -1.42703000000038E+0001
 9.20821114369801E-0002  -4.65262000000221E+0001
 9.22776148582898E-0002  -6.21129000000074E+0001
 9.24731182795995E-0002  -5.47150000000256E+0001
 9.26686217009092E-0002  -2.65272999999870E+0001
 9.28641251222189E-0002   1.25240000000049E+0001
 9.30596285435286E-0002   4.83918999999878E+0001
 9.32551319648383E-0002   6.80241000000387E+0001
 9.34506353861480E-0002   6.41145999999717E+0001
 9.36461388074576E-0002   3.77592999999761E+0001
 9.38416422287673E-0002  -1.94359000000077E+0000
 9.40371456500770E-0002  -4.11933999999892E+0001
 9.42326490713867E-0002  -6.64738999999827E+0001
 9.44281524926964E-0002  -6.94087000000291E+0001
 9.46236559140061E-0002  -4.97204999999958E+0001
 9.48191593353158E-0002  -1.52318999999989E+0001
 9.50146627566255E-0002   2.10742000000027E+0001
 9.52101661779352E-0002   4.58432000000030E+0001
 9.54056695992449E-0002   5.02297000000253E+0001
 9.56011730205546E-0002   3.30886000000173E+0001
 9.57966764418643E-0002   1.32332999999926E+0000
 9.59921798631740E-0002  -3.27206000000006E+0001
 9.61876832844837E-0002  -5.58469000000041E+0001
 9.63831867057934E-0002  -5.88951000000234E+0001
 9.65786901271031E-0002  -4.01325000000070E+0001
 9.67741935484128E-0002  -5.91479999999865E+0000
 9.69696969697225E-0002   3.16178000000073E+0001
 9.71652003910322E-0002   5.89611000000150E+0001
 9.73607038123419E-0002   6.61641000000527E+0001
 9.75562072336515E-0002   5.04482999999891E+0001
 9.77517106549612E-0002   1.72161999999953E+0001
 9.79472140762709E-0002  -2.19110999999975E+0001
 9.81427174975806E-0002  -5.33018000000156E+0001
 9.83382209188903E-0002  -6.62258999999613E+0001
 9.85337243402000E-0002  -5.66856999999727E+0001
 9.87292277615097E-0002  -2.87788000000000E+0001
 9.89247311828194E-0002   6.88760999999795E+0000
 9.91202346041291E-0002   3.71321999999927E+0001
 9.93157380254388E-0002   5.10361000000266E+0001
 9.95112414467485E-0002   4.39111999999732E+0001
 9.97067448680582E-0002   1.89568000000145E+0001
 9.99022482893679E-0002  -1.39854999999952E+0001
 1.00097751710678E-0001  -4.21082000000170E+0001
 1.00293255131987E-0001  -5.43870999999926E+0001
 1.00488758553297E-0001  -4.56613999999827E+0001
 1.00684261974607E-0001  -1.85522000000055E+0001
 1.00879765395916E-0001   1.74738000000070E+0001
 1.01075268817226E-0001   4.95489999999991E+0001
 1.01270772238536E-0001   6.60897999999579E+0001
 1.01466275659845E-0001   6.10135000000009E+0001
 1.01661779081155E-0001   3.59481999999844E+0001
 1.01857282502465E-0001  -3.60337000000072E-0001
 1.02052785923775E-0001  -3.52197000000160E+0001
 1.02248289345084E-0001  -5.65764000000199E+0001
 1.02443792766394E-0001  -5.73425000000279E+0001
 1.02639296187704E-0001  -3.78936000000103E+0001
 1.02834799609013E-0001  -5.84036999999807E+0000
 1.03030303030323E-0001   2.68230000000040E+0001
 1.03225806451633E-0001   4.81394999999902E+0001
 1.03421309872942E-0001   5.05555000000168E+0001
 1.03616813294252E-0001   3.36415000000270E+0001
 1.03812316715562E-0001   4.18331999999646E+0000
 1.04007820136871E-0001  -2.63740999999864E+0001
 1.04203323558181E-0001  -4.61803000000073E+0001
 1.04398826979491E-0001  -4.73671999999788E+0001
 1.04594330400801E-0001  -2.89629999999888E+0001
 1.04789833822110E-0001   2.72867000000042E+0000
 1.04985337243420E-0001   3.64160000000265E+0001
 1.05180840664730E-0001   5.99308999999776E+0001
 1.05376344086039E-0001   6.46594000000041E+0001
 1.05571847507349E-0001   4.86750999999931E+0001
 1.05767350928659E-0001   1.74377000000095E+0001
 1.05962854349968E-0001  -1.81896000000124E+0001
 1.06158357771278E-0001  -4.58710999999894E+0001
 1.06353861192588E-0001  -5.62425999999978E+0001
 1.06549364613898E-0001  -4.62495999999810E+0001
 1.06744868035207E-0001  -2.01733999999997E+0001
 1.06940371456517E-0001   1.20114000000031E+0001
 1.07135874877827E-0001   3.83340999999782E+0001
 1.07331378299136E-0001   4.92172000000137E+0001
 1.07526881720446E-0001   4.09547000000020E+0001
 1.07722385141756E-0001   1.70126999999920E+0001
 1.07917888563065E-0001  -1.33062000000064E+0001
 1.08113391984375E-0001  -3.83341999999830E+0001
 1.08308895405685E-0001  -4.83634999999776E+0001
 1.08504398826994E-0001  -3.92382000000216E+0001
 1.08699902248304E-0001  -1.39018000000069E+0001
 1.08895405669614E-0001   1.86608000000124E+0001
 1.09090909090924E-0001   4.66930000000284E+0001
 1.09286412512233E-0001   5.99479999999749E+0001
 1.09481915933543E-0001   5.34186999999802E+0001
 1.09677419354853E-0001   2.91571000000113E+0001
 1.09872922776162E-0001  -4.47213000000193E+0000
 1.10068426197472E-0001  -3.58233999999939E+0001
 1.10263929618782E-0001  -5.41756000000169E+0001
 1.10459433040091E-0001  -5.35770999999950E+0001
 1.10654936461401E-0001  -3.49356999999727E+0001
 1.10850439882711E-0001  -5.60534999999800E+0000
 1.11045943304021E-0001   2.33642999999865E+0001
 1.11241446725330E-0001   4.12970000000205E+0001
 1.11436950146640E-0001   4.17859000000171E+0001
 1.11632453567950E-0001   2.49971000000078E+0001
 1.11827956989259E-0001  -2.45236999999906E+0000
 1.12023460410569E-0001  -2.99813000000140E+0001
 1.12218963831879E-0001  -4.69752999999910E+0001
 1.12414467253188E-0001  -4.67158000000054E+0001
 1.12609970674498E-0001  -2.88690000000061E+0001
 1.12805474095808E-0001   3.71117000000140E-0001
 1.13000977517117E-0001   3.05320000000065E+0001
 1.13196480938427E-0001   5.06767000000109E+0001
 1.13391984359737E-0001   5.33853000000236E+0001
 1.13587487781047E-0001   3.74545999999973E+0001
 1.13782991202356E-0001   8.33294999999634E+0000
 1.13978494623666E-0001  -2.38567000000039E+0001
 1.14173998044976E-0001  -4.79796000000206E+0001
 1.14369501466285E-0001  -5.58984000000055E+0001
 1.14565004887595E-0001  -4.53690000000061E+0001
 1.14760508308905E-0001  -2.07803999999887E+0001
 1.14956011730214E-0001   8.51959999999963E+0000
 1.15151515151524E-0001   3.16846000000078E+0001
 1.15347018572834E-0001   4.03439999999828E+0001
 1.15542521994143E-0001   3.16393999999855E+0001
 1.15738025415453E-0001   9.21847000000707E+0000
 1.15933528836763E-0001  -1.81614999999874E+0001
 1.16129032258073E-0001  -3.98989999999758E+0001
 1.16324535679382E-0001  -4.74771000000183E+0001
 1.16520039100692E-0001  -3.76156000000192E+0001
 1.16715542522002E-0001  -1.34946999999956E+0001
 1.16911045943311E-0001   1.63910000000033E+0001
 1.17106549364621E-0001   4.13241000000271E+0001
 1.17302052785931E-0001   5.22672000000020E+0001
 1.17497556207240E-0001   4.51516999999876E+0001
 1.17693059628550E-0001   2.23556000000099E+0001
 1.17888563049860E-0001  -8.16113999999652E+0000
 1.18084066471170E-0001  -3.57419000000227E+0001
 1.18279569892479E-0001  -5.08800000000047E+0001
 1.18475073313789E-0001  -4.86258999999845E+0001
 1.18670576735099E-0001  -3.03189999999886E+0001
 1.18866080156408E-0001  -3.02482999999847E+0000
 1.19061583577718E-0001   2.31013000000094E+0001
 1.19257086999028E-0001   3.85510999999824E+0001
 1.19452590420337E-0001   3.79300999999978E+0001
 1.19648093841647E-0001   2.18918000000122E+0001
 1.19843597262957E-0001  -3.15791000000172E+0000
 1.20039100684266E-0001  -2.74646000000066E+0001
 1.20234604105576E-0001  -4.15480000000098E+0001
 1.20430107526886E-0001  -3.97108000000007E+0001
 1.20625610948196E-0001  -2.21509000000078E+0001
 1.20821114369505E-0001   5.09225000000151E+0000
 1.21016617790815E-0001   3.23319999999949E+0001
 1.21212121212125E-0001   4.97616000000271E+0001
 1.21407624633434E-0001   5.10246000000043E+0001
 1.21603128054744E-0001   3.55258000000031E+0001
 1.21798631476054E-0001   8.64656999999715E+0000
 1.21994134897363E-0001  -2.02086999999883E+0001
 1.22189638318673E-0001  -4.10141999999760E+0001
 1.22385141739983E-0001  -4.67307000000146E+0001
 1.22580645161293E-0001  -3.58068000000203E+0001
 1.22776148582602E-0001  -1.26733999999997E+0001
 1.22971652003912E-0001   1.39379000000044E+0001
 1.23167155425222E-0001   3.42235000000219E+0001
 1.23362658846531E-0001   4.08976999999722E+0001
 1.23558162267841E-0001   3.18315000000002E+0001
 1.23753665689151E-0001   1.07841999999946E+0001
 1.23949169110460E-0001  -1.40292999999947E+0001
 1.24144672531770E-0001  -3.29991000000155E+0001
 1.24340175953080E-0001  -3.86807999999728E+0001
 1.24535679374389E-0001  -2.85505000000121E+0001
 1.24731182795699E-0001  -5.94956000000093E+0000
 1.24926686217009E-0001   2.11230999999971E+0001
 1.25122189638432E-0001   4.29221999999718E+0001
 1.25317693059742E-0001   5.15050000000047E+0001
 1.25513196481052E-0001   4.36218000000226E+0001
 1.25708699902361E-0001   2.18962999999931E+0001
 1.25904203323671E-0001  -6.12834000000294E+0000
 1.26099706744981E-0001  -3.07221999999892E+0001
 1.26295210166290E-0001  -4.34794000000111E+0001
 1.26490713587600E-0001  -4.03278999999748E+0001
 1.26686217008910E-0001  -2.29467000000004E+0001
 1.26881720430220E-0001   1.91302999999971E+0000
 1.27077223851529E-0001   2.49437000000034E+0001
 1.27272727272839E-0001   3.77033999999985E+0001
 1.27468230694149E-0001   3.56916000000201E+0001
 1.27663734115458E-0001   1.99588999999978E+0001
 1.27859237536768E-0001  -3.32914000000164E+0000
 1.28054740958078E-0001  -2.52023000000045E+0001
 1.28250244379387E-0001  -3.72149000000209E+0001
 1.28445747800697E-0001  -3.45713000000105E+0001
 1.28641251222007E-0001  -1.79047000000137E+0001
 1.28836754643316E-0001   6.93875000000116E+0000
 1.29032258064626E-0001   3.10248000000138E+0001
 1.29227761485936E-0001   4.55850000000210E+0001
 1.29423264907246E-0001   4.52089999999735E+0001
 1.29618768328555E-0001   2.98121999999858E+0001
 1.29814271749865E-0001   4.66502999999648E+0000
 1.30009775171175E-0001  -2.15188999999955E+0001
 1.30205278592484E-0001  -3.97333000000217E+0001
 1.30400782013794E-0001  -4.39182000000146E+0001
 1.30596285435104E-0001  -3.31087999999872E+0001
 1.30791788856413E-0001  -1.17223999999987E+0001
 1.30987292277723E-0001   1.21114999999991E+0001
 1.31182795699033E-0001   2.95548000000126E+0001
 1.31378299120342E-0001   3.42945000000182E+0001
 1.31573802541652E-0001   2.48273000000045E+0001
 1.31769305962962E-0001   4.96525999999722E+0000
 1.31964809384272E-0001  -1.76111000000092E+0001
 1.32160312805581E-0001  -3.42117999999900E+0001
 1.32355816226891E-0001  -3.83560999999754E+0001
 1.32551319648201E-0001  -2.81716000000015E+0001
 1.32746823069510E-0001  -7.09689000000071E+0000
 1.32942326490820E-0001   1.73622000000032E+0001
 1.33137829912130E-0001   3.63654000000097E+0001
 1.33333333333439E-0001   4.29577000000281E+0001
 1.33528836754749E-0001   3.45993000000017E+0001
 1.33724340176059E-0001   1.40883999999933E+0001
 1.33919843597369E-0001  -1.14554999999964E+0001
 1.34115347018678E-0001  -3.31708000000217E+0001
 1.34310850439988E-0001  -4.36491999999853E+0001
 1.34506353861298E-0001  -3.95863999999710E+0001
 1.34701857282607E-0001  -2.29244999999937E+0001
 1.34897360703917E-0001  -8.45050000000356E-0002
 1.35092864125227E-0001   2.04228000000003E+0001
 1.35288367546536E-0001   3.11235999999917E+0001
 1.35483870967846E-0001   2.83012999999919E+0001
 1.35679374389156E-0001   1.33215999999957E+0001
 1.35874877810465E-0001  -7.91515000000072E+0000
 1.36070381231775E-0001  -2.71822000000102E+0001
 1.36265884653085E-0001  -3.69785000000265E+0001
 1.36461388074395E-0001  -3.33049999999930E+0001
 1.36656891495704E-0001  -1.71489000000001E+0001
 1.36852394917014E-0001   5.86327999999776E+0000
 1.37047898338324E-0001   2.75107999999891E+0001
 1.37243401759633E-0001   3.99729999999981E+0001
 1.37438905180943E-0001   3.86759999999776E+0001
 1.37634408602253E-0001   2.39550999999919E+0001
 1.37829912023562E-0001   9.32203000000300E-0001
 1.38025415444872E-0001  -2.23424999999988E+0001
 1.38220918866182E-0001  -3.78006000000169E+0001
 1.38416422287492E-0001  -4.02551000000094E+0001
 1.38611925708801E-0001  -2.92368999999890E+0001
 1.38807429130111E-0001  -9.10632000000624E+0000
 1.39002932551421E-0001   1.25886999999930E+0001
 1.39198435972730E-0001   2.78983000000007E+0001
 1.39393939394040E-0001   3.13775000000023E+0001
 1.39589442815350E-0001   2.20534000000043E+0001
 1.39784946236659E-0001   3.73920999999973E+0000
 1.39980449657969E-0001  -1.64082000000053E+0001
 1.40175953079279E-0001  -3.05510000000068E+0001
 1.40371456500588E-0001  -3.30738000000129E+0001
 1.40566959921898E-0001  -2.26620999999868E+0001
 1.40762463343208E-0001  -2.79984999999942E+0000
 1.40957966764518E-0001   1.94928000000073E+0001
 1.41153470185827E-0001   3.62151999999769E+0001
 1.41348973607137E-0001   4.12994000000181E+0001
 1.41544477028447E-0001   3.28176000000094E+0001
 1.41739980449756E-0001   1.36818999999959E+0001
 1.41935483871066E-0001  -9.41380999999819E+0000
 1.42130987292376E-0001  -2.84180000000051E+0001
 1.42326490713685E-0001  -3.68241999999736E+0001
 1.42521994134995E-0001  -3.19958000000042E+0001
 1.42717497556305E-0001  -1.60714999999909E+0001
 1.42913000977615E-0001   4.86864000000060E+0000
 1.43108504398924E-0001   2.30615999999864E+0001
 1.43304007820234E-0001   3.19114999999874E+0001
 1.43499511241544E-0001   2.83880000000063E+0001
 1.43695014662853E-0001   1.41024000000034E+0001
 1.43890518084163E-0001  -5.32635000000300E+0000
 1.44086021505473E-0001  -2.23717999999935E+0001
 1.44281524926782E-0001  -3.03916000000027E+0001
 1.44477028348092E-0001  -2.60854000000108E+0001
 1.44672531769402E-0001  -1.07213000000047E+0001
 1.44868035190711E-0001   1.03154999999970E+0001
 1.45063538612021E-0001   2.94812000000093E+0001
 1.45259042033331E-0001   3.98209999999963E+0001
 1.45454545454641E-0001   3.75005000000237E+0001
 1.45650048875950E-0001   2.31994000000122E+0001
 1.45845552297260E-0001   1.86389000000054E+0000
 1.46041055718570E-0001  -1.90873000000138E+0001
 1.46236559139879E-0001  -3.24433999999892E+0001
 1.46432062561189E-0001  -3.37912999999826E+0001
 1.46627565982499E-0001  -2.30738999999885E+0001
 1.46823069403808E-0001  -4.55687000000034E+0000
 1.47018572825118E-0001   1.47733000000007E+0001
 1.47214076246428E-0001   2.77853999999934E+0001
 1.47409579667737E-0001   2.98097999999882E+0001
 1.47605083089047E-0001   2.03226999999897E+0001
 1.47800586510357E-0001   3.09921000000031E+0000
 1.47996089931667E-0001  -1.52105000000010E+0001
 1.48191593352976E-0001  -2.75540000000037E+0001
 1.48387096774286E-0001  -2.90878000000084E+0001
 1.48582600195596E-0001  -1.89706000000006E+0001
 1.48778103616905E-0001  -6.85529999999744E-0001
 1.48973607038215E-0001   1.92234999999928E+0001
 1.49169110459525E-0001   3.35346000000136E+0001
 1.49364613880834E-0001   3.69775999999838E+0001
 1.49560117302144E-0001   2.81512999999977E+0001
 1.49755620723454E-0001   1.00323000000062E+0001
 1.49951124144764E-0001  -1.11064000000042E+0001
 1.50146627566073E-0001  -2.79655999999959E+0001
 1.50342130987383E-0001  -3.48502999999910E+0001
 1.50537634408693E-0001  -2.97019999999902E+0001
 1.50733137830002E-0001  -1.47975000000006E+0001
 1.50928641251312E-0001   4.12961999999970E+0000
 1.51124144672622E-0001   2.00164999999979E+0001
 1.51319648093931E-0001   2.70620000000054E+0001
 1.51515151515241E-0001   2.28348999999871E+0001
 1.51710654936551E-0001   9.13224000000628E+0000
 1.51906158357860E-0001  -8.71839999999793E+0000
 1.52101661779170E-0001  -2.38478999999934E+0001
 1.52297165200480E-0001  -3.03926999999967E+0001
 1.52492668621790E-0001  -2.56641999999993E+0001
 1.52688172043099E-0001  -1.11487999999954E+0001
 1.52883675464409E-0001   8.02434000000358E+0000
 1.53079178885719E-0001   2.49498000000021E+0001
 1.53274682307028E-0001   3.34605999999912E+0001
 1.53470185728338E-0001   3.03729999999923E+0001
 1.53665689149648E-0001   1.66432999999961E+0001
 1.53861192570957E-0001  -2.97983000000022E+0000
 1.54056695992267E-0001  -2.16773000000103E+0001
 1.54252199413577E-0001  -3.30227999999770E+0001
 1.54447702834887E-0001  -3.32887999999803E+0001
 1.54643206256196E-0001  -2.27592000000004E+0001
 1.54838709677506E-0001  -5.57690000000002E+0000
 1.55034213098816E-0001   1.18078999999998E+0001
 1.55229716520125E-0001   2.30143000000098E+0001
 1.55425219941435E-0001   2.40609000000113E+0001
 1.55620723362745E-0001   1.47985999999946E+0001
 1.55816226784054E-0001  -1.06991000000016E+0000
 1.56011730205364E-0001  -1.73844000000099E+0001
 1.56207233626674E-0001  -2.78160999999964E+0001
 1.56402737047983E-0001  -2.82114000000001E+0001
 1.56598240469293E-0001  -1.81296999999904E+0001
 1.56793743890603E-0001  -1.01790000000074E+0000
 1.56989247311913E-0001   1.70411000000022E+0001
 1.57184750733222E-0001   2.95430000000051E+0001
 1.57380254154532E-0001   3.19304000000120E+0001
 1.57575757575842E-0001   2.32502000000095E+0001
 1.57771260997151E-0001   6.49953000000096E+0000
 1.57966764418461E-0001  -1.24631999999983E+0001
 1.58162267839771E-0001  -2.70381000000052E+0001
 1.58357771261080E-0001  -3.22611000000034E+0001
 1.58553274682390E-0001  -2.65732999999891E+0001
 1.58748778103700E-0001  -1.23424999999988E+0001
 1.58944281525010E-0001   5.04333999999653E+0000
 1.59139784946319E-0001   1.91725999999908E+0001
 1.59335288367629E-0001   2.49603000000061E+0001
 1.59530791788939E-0001   2.04940000000061E+0001
 1.59726295210248E-0001   7.70369999999821E+0000
 1.59921798631558E-0001  -8.38108000000648E+0000
 1.60117302052868E-0001  -2.15076000000117E+0001
 1.60312805474177E-0001  -2.65179000000062E+0001
 1.60508308895487E-0001  -2.12576999999874E+0001
 1.60703812316797E-0001  -7.37877999999910E+0000
 1.60899315738106E-0001   1.02546000000002E+0001
 1.61094819159416E-0001   2.53359000000055E+0001
 1.61290322580726E-0001   3.24130000000005E+0001
 1.61485826002036E-0001   2.88720000000030E+0001
 1.61681329423345E-0001   1.58871999999974E+0001
 1.61876832844655E-0001  -2.00635999999940E+0000
 1.62072336265965E-0001  -1.85568999999959E+0001
 1.62267839687274E-0001  -2.80531999999948E+0001
 1.62463343108584E-0001  -2.73728999999876E+0001
 1.62658846529894E-0001  -1.70781999999890E+0001
 1.62854349951203E-0001  -1.16663999999946E+0000
 1.63049853372513E-0001   1.44225000000006E+0001
 1.63245356793823E-0001   2.39953000000096E+0001
 1.63440860215132E-0001   2.41800999999978E+0001
 1.63636363636442E-0001   1.51389999999956E+0001
 1.63831867057752E-0001   4.75671000000148E-0001
 1.64027370479062E-0001  -1.41187999999966E+0001
 1.64222873900371E-0001  -2.29796999999962E+0001
 1.64418377321681E-0001  -2.25660999999964E+0001
 1.64613880742991E-0001  -1.27722999999969E+0001
 1.64809384164300E-0001   3.02182000000175E+0000
 1.65004887585610E-0001   1.91786999999895E+0001
 1.65200391006920E-0001   2.98557999999903E+0001
 1.65395894428229E-0001   3.11328999999969E+0001
 1.65591397849539E-0001   2.24377000000095E+0001
 1.65786901270849E-0001   6.75338000000193E+0000
 1.65982404692159E-0001  -1.04646000000066E+0001
 1.66177908113468E-0001  -2.32619999999879E+0001
 1.66373411534778E-0001  -2.73291000000027E+0001
 1.66568914956088E-0001  -2.15345000000088E+0001
 1.66764418377397E-0001  -8.29486999999790E+0000
 1.66959921798707E-0001   7.34543000000122E+0000
 1.67155425220017E-0001   1.95811999999860E+0001
 1.67350928641326E-0001   2.39733000000124E+0001
 1.67546432062636E-0001   1.90584000000090E+0001
 1.67741935483946E-0001   6.85691999999835E+0000
 1.67937438905255E-0001  -7.89977999999974E+0000
 1.68132942326565E-0001  -1.95328999999911E+0001
 1.68328445747875E-0001  -2.35204000000085E+0001
 1.68523949169185E-0001  -1.81706000000122E+0001
 1.68719452590494E-0001  -5.25336999999854E+0000
 1.68914956011804E-0001   1.06380999999965E+0001
 1.69110459433114E-0001   2.37593000000052E+0001
 1.69305962854423E-0001   2.93065000000061E+0001
 1.69501466275733E-0001   2.51649000000034E+0001
 1.69696969697043E-0001   1.26769999999960E+0001
 1.69892473118352E-0001  -3.84527000000162E+0000
 1.70087976539662E-0001  -1.86833000000042E+0001
 1.70283479960972E-0001  -2.67754000000132E+0001
 1.70478983382282E-0001  -2.55308000000077E+0001
 1.70674486803591E-0001  -1.57341000000015E+0001
 1.70869990224901E-0001  -1.22003000000041E+0000
 1.71065493646211E-0001   1.25574999999953E+0001
 1.71260997067520E-0001   2.05319000000018E+0001
 1.71456500488830E-0001   1.98710000000137E+0001
 1.71652003910140E-0001   1.09921999999933E+0001
 1.71847507331449E-0001  -2.62038000000030E+0000
 1.72043010752759E-0001  -1.57231000000029E+0001
 1.72238514174069E-0001  -2.32589999999909E+0001
 1.72434017595378E-0001  -2.22300999999861E+0001
 1.72629521016688E-0001  -1.28083000000042E+0001
 1.72825024437998E-0001   1.71762999999919E+0000
 1.73020527859308E-0001   1.61371999999974E+0001
 1.73216031280617E-0001   2.52154999999912E+0001
 1.73411534701927E-0001   2.55995000000112E+0001
 1.73607038123237E-0001   1.70370999999868E+0001
 1.73802541544546E-0001   2.46812000000136E+0000
 1.73998044965856E-0001  -1.30424999999959E+0001
 1.74193548387166E-0001  -2.41363999999885E+0001
 1.74389051808475E-0001  -2.70897999999870E+0001
 1.74584555229785E-0001  -2.11363000000129E+0001
 1.74780058651095E-0001  -8.70752999999968E+0000
 1.74975562072405E-0001   5.48836000000301E+0000
 1.75171065493714E-0001   1.62073000000091E+0001
 1.75366568915024E-0001   1.95895000000019E+0001
 1.75562072336334E-0001   1.45568000000058E+0001
 1.75757575757643E-0001   3.18186000000060E+0000
 1.75953079178953E-0001  -1.01012000000046E+0001
 1.76148582600263E-0001  -2.01483000000007E+0001
 1.76344086021572E-0001  -2.30109999999986E+0001
 1.76539589442882E-0001  -1.73983000000007E+0001
 1.76735092864192E-0001  -5.15995000000112E+0000
 1.76930596285501E-0001   9.38224999999511E+0000
 1.77126099706811E-0001   2.10072999999975E+0001
 1.77321603128121E-0001   2.54962999999989E+0001
 1.77517106549431E-0001   2.11676999999909E+0001
 1.77712609970740E-0001   9.48765999999887E+0000
 1.77908113392050E-0001  -5.46265000000130E+0000
 1.78103616813360E-0001  -1.84658000000054E+0001
 1.78299120234669E-0001  -2.50507999999973E+0001
 1.78494623655979E-0001  -2.30930999999982E+0001
 1.78690127077289E-0001  -1.35537999999942E+0001
 1.78885630498598E-0001  -9.33628999999883E-0002
 1.79081133919908E-0001   1.22915999999968E+0001
 1.79276637341218E-0001   1.91050999999861E+0001
 1.79472140762527E-0001   1.79888999999966E+0001
 1.79667644183837E-0001   9.56586000000243E+0000
 1.79863147605147E-0001  -2.81676000000152E+0000
 1.80058651026457E-0001  -1.43405999999959E+0001
 1.80254154447766E-0001  -2.05048999999999E+0001
 1.80449657869076E-0001  -1.87921999999962E+0001
 1.80645161290386E-0001  -9.60211999999592E+0000
 1.80840664711695E-0001   3.88565000000017E+0000
 1.81036168133005E-0001   1.68674999999930E+0001
 1.81231671554315E-0001   2.46651000000129E+0001
 1.81427174975624E-0001   2.44281999999948E+0001
 1.81622678396934E-0001   1.61711000000068E+0001
 1.81818181818244E-0001   2.76680000000124E+0000
 1.82013685239554E-0001  -1.10957999999955E+0001
 1.82209188660863E-0001  -2.06069999999891E+0001
 1.82404692082173E-0001  -2.25657000000065E+0001
 1.82600195503483E-0001  -1.65148000000045E+0001
 1.82795698924792E-0001  -4.87232999999833E+0000
 1.82991202346102E-0001   7.98086000000330E+0000
 1.83186705767412E-0001   1.73195000000123E+0001
 1.83382209188721E-0001   1.98024999999907E+0001
 1.83577712610031E-0001   1.46811000000016E+0001
 1.83773216031341E-0001   4.04927999999927E+0000
 1.83968719452650E-0001  -7.95094000000245E+0000
 1.84164222873960E-0001  -1.66707999999926E+0001
 1.84359726295270E-0001  -1.86768999999913E+0001
 1.84555229716580E-0001  -1.30222000000067E+0001
 1.84750733137889E-0001  -1.60210999999981E+0000
 1.84946236559199E-0001   1.15314999999973E+0001
 1.85141739980509E-0001   2.16455000000133E+0001
 1.85337243401818E-0001   2.50487999999896E+0001
 1.85532746823128E-0001   2.04358000000066E+0001
 1.85728250244438E-0001   9.36003999999957E+0000
 1.85923753665747E-0001  -4.33009000000311E+0000
 1.86119257087057E-0001  -1.58852000000043E+0001
 1.86314760508367E-0001  -2.13674999999930E+0001
 1.86510263929677E-0001  -1.90592999999935E+0001
 1.86705767350986E-0001  -1.00559000000067E+0001
 1.86901270772296E-0001   2.16587000000072E+0000
 1.87096774193606E-0001   1.30405999999930E+0001
 1.87292277614915E-0001   1.85911999999953E+0001
 1.87487781036225E-0001   1.68769000000029E+0001
 1.87683284457535E-0001   8.68360999999277E+0000
 1.87878787878844E-0001  -2.78851999999824E+0000
 1.88074291300154E-0001  -1.31226000000024E+0001
 1.88269794721464E-0001  -1.83234999999986E+0001
 1.88465298142773E-0001  -1.62962000000116E+0001
 1.88660801564083E-0001  -7.62350000000151E+0000
 1.88856304985393E-0001   4.63964000000124E+0000
 1.89051808406703E-0001   1.60769999999902E+0001
 1.89247311828012E-0001   2.25195999999996E+0001
 1.89442815249322E-0001   2.15632000000041E+0001
 1.89638318670632E-0001   1.34425999999949E+0001
 1.89833822091941E-0001   9.45896000000175E-0001
 1.90029325513251E-0001  -1.15970999999990E+0001
 1.90224828934561E-0001  -1.98793000000005E+0001
 1.90420332355870E-0001  -2.11643000000040E+0001
 1.90615835777180E-0001  -1.52540000000008E+0001
 1.90811339198490E-0001  -4.52913000000262E+0000
 1.91006842619800E-0001   6.94655999999668E+0000
 1.91202346041109E-0001   1.49263000000064E+0001
 1.91397849462419E-0001   1.65327999999863E+0001
 1.91593352883729E-0001   1.12973999999958E+0001
 1.91788856305038E-0001   1.30945000000065E+0000
 1.91984359726348E-0001  -9.57369000000472E+0000
 1.92179863147658E-0001  -1.71612000000023E+0001
 1.92375366568967E-0001  -1.84809999999998E+0001
 1.92570869990277E-0001  -1.28797000000050E+0001
 1.92766373411587E-0001  -2.27045999999973E+0000
 1.92961876832896E-0001   9.56038999999873E+0000
 1.93157380254206E-0001   1.83322000000044E+0001
 1.93352883675516E-0001   2.08286000000080E+0001
 1.93548387096826E-0001   1.60677000000142E+0001
 1.93743890518135E-0001   5.65849999999773E+0000
 1.93939393939445E-0001  -6.78343999999925E+0000
 1.94134897360755E-0001  -1.69452999999921E+0001
 1.94330400782064E-0001  -2.13716000000131E+0001
 1.94525904203374E-0001  -1.86982000000135E+0001
 1.94721407624684E-0001  -1.01201000000001E+0001
 1.94916911045993E-0001   1.07394000000022E+0000
 1.95112414467303E-0001   1.07219999999943E+0001
 1.95307917888613E-0001   1.53169000000053E+0001
 1.95503421309922E-0001   1.32819000000018E+0001
 1.95698924731232E-0001   5.52874999999767E+0000
 1.95894428152542E-0001  -4.89869000000181E+0000
 1.96089931573852E-0001  -1.39622999999992E+0001
 1.96285434995161E-0001  -1.81272999999928E+0001
 1.96480938416471E-0001  -1.56702999999980E+0001
 1.96676441837781E-0001  -7.31977999999799E+0000
 1.96871945259090E-0001   4.00362000000314E+0000
 1.97067448680400E-0001   1.42492999999959E+0001
 1.97262952101710E-0001   1.97117999999900E+0001
 1.97458455523019E-0001   1.83797999999952E+0001
 1.97653958944329E-0001   1.06665999999968E+0001
 1.97849462365639E-0001  -7.39959999999883E-0001
 1.98044965786949E-0001  -1.18527999999933E+0001
 1.98240469208258E-0001  -1.88260000000009E+0001
 1.98435972629568E-0001  -1.93359000000055E+0001
 1.98631476050878E-0001  -1.34008999999933E+0001
 1.98826979472187E-0001  -3.34663999999975E+0000
 1.99022482893497E-0001   7.06745000000228E+0000
 1.99217986314807E-0001   1.40335999999952E+0001
 1.99413489736116E-0001   1.50868000000046E+0001
 1.99608993157426E-0001   9.99382000000332E+0000
 1.99804496578736E-0001   8.17213000000265E-0001
 2.00000000000045E-0001  -8.86204000000726E+0000