1024
 0.00000000000000E+0000 7.50000000000000E-0001
 9.21288168207468E-0003 7.77368637910513E-0001
 1.84257633641494E-0002 8.34466556277221E-0001
 2.76386450462383E-0002 9.03071871110114E-0001
 3.68515267282987E-0002 9.92958153417021E-0001
 4.60644084103592E-0002 1.09195646826811E+0000
 5.52772900924197E-0002 1.15230452277865E+0000
 6.44901717745370E-0002 1.06763022290215E+0000
 7.37030534565974E-0002 1.34541171127239E+0000
 8.29159351386579E-0002 1.48611048393104E+0000
 9.21288168207184E-0002 1.09349703210864E+0000
 1.01341698502779E-0001 1.72386602840743E+0000
 1.10554580184839E-0001 1.14317464708984E+0000
 1.19767461866900E-0001 1.33464253118655E+0000
 1.28980343549074E-0001 1.18767953308998E+0000
 1.38193225231134E-0001 1.70152378104467E+0000
 1.47406106913195E-0001 1.30074474589856E+0000
 1.56618988595255E-0001 2.00233536612359E+0000
 1.65831870277316E-0001 1.72253027703118E+0000
 1.75044751959376E-0001 2.04424621129874E+0000
 1.84257633641437E-0001 2.04150936908991E+0000
 1.93470515323497E-0001 1.68308521359904E+0000
 2.02683397005558E-0001 2.10825299462522E+0000
 2.11896278687618E-0001 2.24710574587152E+0000
 2.21109160369679E-0001 1.83775970518946E+0000
 2.30322042051739E-0001 2.45412159171246E+0000
 2.39534923733800E-0001 3.00729359127581E+0000
 2.48747805415860E-0001 2.28272627963088E+0000
 2.57960687098148E-0001 2.06197509075719E+0000
 2.67173568780436E-0001 2.52291722357404E+0000
 2.76386450462724E-0001 3.41293946409860E+0000
 2.85599332145011E-0001 2.09445212719220E+0000
 2.94812213827299E-0001 2.03472913338192E+0000
 3.04025095509587E-0001 2.80014208588545E+0000
 3.13237977191875E-0001 2.58345433283102E+0000
 3.22450858874163E-0001 1.66802225643914E+0000
 3.31663740556451E-0001 3.98478829723172E+0000
 3.40876622238738E-0001 2.16415899460117E+0000
 3.50089503921026E-0001 2.51383857551627E+0000
 3.59302385603314E-0001 1.75530824361340E+0000
 3.68515267285602E-0001 2.43348006076121E+0000
 3.77728148967890E-0001 2.48820675989555E+0000
 3.86941030650178E-0001 4.54296061358036E+0000
 3.96153912332466E-0001 1.86584666873750E+0000
 4.05366794014753E-0001 4.17134690370585E+0000
 4.14579675697041E-0001 1.84474920495450E+0000
 4.23792557379329E-0001 3.20057025820279E+0000
 4.33005439061617E-0001 4.03127836045314E+0000
 4.42218320743905E-0001 3.32882063907164E+0000
 4.51431202426193E-0001 3.78866980184102E+0000
 4.60644084108480E-0001 4.85209390999808E+0000
 4.69856965790768E-0001 3.32387136338002E+0000
 4.79069847473056E-0001 4.15274696858251E+0000
 4.88282729155344E-0001 4.83566997735034E+0000
 4.97495610837632E-0001 2.31260072729492E+0000
 5.06708492519465E-0001 4.60787924534088E+0000
 5.15921374201753E-0001 2.05185701250957E+0000
 5.25134255884041E-0001 3.89604977126510E+0000
 5.34347137566328E-0001 4.55969745053153E+0000
 5.43560019248616E-0001 4.40284082361177E+0000
 5.52772900930904E-0001 2.80838212437811E+0000
 5.61985782613192E-0001 3.97479995929461E+0000
 5.71198664295480E-0001 6.19451015153754E+0000
 5.80411545977768E-0001 3.17424127581762E+0000
 5.89624427660056E-0001 6.31130161308101E+0000
 5.98837309342343E-0001 5.85475157023029E+0000
 6.08050191024631E-0001 2.67121573730401E+0000
 6.17263072706919E-0001 5.02945656444354E+0000
 6.26475954389207E-0001 5.29495230562316E+0000
 6.35688836071495E-0001 2.40697450466905E+0000
 6.44901717753783E-0001 5.01904765668587E+0000
 6.54114599436070E-0001 2.48625493252985E+0000
 6.63327481118358E-0001 4.49526785422495E+0000
 6.72540362800646E-0001 4.77150109952345E+0000
 6.81753244482934E-0001 4.32317684200098E+0000
 6.90966126165222E-0001 3.85057094115473E+0000
 7.00179007847510E-0001 3.33554540867408E+0000
 7.09391889529797E-0001 4.63201587247750E+0000
 7.18604771212085E-0001 6.60237492374290E+0000
 7.27817652894373E-0001 3.91956139651666E+0000
 7.37030534576661E-0001 5.72414315526112E+0000
 7.46243416258949E-0001 5.54669476175332E+0000
 7.55456297941237E-0001 3.60170221372027E+0000
 7.64669179623525E-0001 6.51514220155514E+0000
 7.73882061305812E-0001 5.62042258676956E+0000
 7.83094942988100E-0001 4.00738704578544E+0000
 7.92307824670388E-0001 4.45269290573924E+0000
 8.01520706352676E-0001 5.69773934344994E+0000
 8.10733588034964E-0001 7.73783667707903E+0000
 8.19946469717252E-0001 3.22984355700828E+0000
 8.29159351399539E-0001 4.75144394948438E+0000
 8.38372233081827E-0001 4.59777954296442E+0000
 8.47585114764115E-0001 5.88405917323689E+0000
 8.56797996446403E-0001 4.90369431795261E+0000
 8.66010878128691E-0001 7.75067148665403E+0000
 8.75223759810979E-0001 8.67447483359138E+0000
 8.84436641493267E-0001 6.27025426466571E+0000
 8.93649523175554E-0001 4.80718871004501E+0000
 9.02862404857842E-0001 7.60277453946765E+0000
 9.12075286540130E-0001 6.11789117036824E+0000
 9.21288168222418E-0001 6.08256884267757E+0000
 9.30501049904706E-0001 4.04278501852968E+0000
 9.39713931586994E-0001 4.02366377040016E+0000
 9.48926813269281E-0001 3.85116914288665E+0000
 9.58139694951569E-0001 4.45269606119109E+0000
 9.67352576633857E-0001 5.69393612635758E+0000
 9.76565458316145E-0001 5.60395693111786E+0000
 9.85778339998433E-0001 7.98657380537770E+0000
 9.94991221680721E-0001 8.11866084451322E+0000
 1.00420410336301E+0000 8.78907944085950E+0000
 1.01341698504439E+0000 6.58272845879401E+0000
 1.02262986672577E+0000 9.62988244646112E+0000
 1.03184274840714E+0000 7.72328019460838E+0000
 1.04105563008852E+0000 5.69710452597792E+0000
 1.05026851176990E+0000 5.75668966012745E+0000
 1.05948139345128E+0000 5.24837285900867E+0000
 1.06869427513266E+0000 4.65103989242925E+0000
 1.07790715681404E+0000 4.33233961775113E+0000
 1.08712003849541E+0000 4.26844672640436E+0000
 1.09633292017679E+0000 6.07828647400311E+0000
 1.10554580185817E+0000 7.89806680714537E+0000
 1.11475868353955E+0000 6.60038432250440E+0000
 1.12397156522093E+0000 9.37187815397920E+0000
 1.13318444690231E+0000 7.04049524226139E+0000
 1.14239732858368E+0000 8.59850557793106E+0000
 1.15161021026506E+0000 5.86113919684431E+0000
 1.16082309194644E+0000 7.97966057338635E+0000
 1.17003597362782E+0000 8.02411601736094E+0000
 1.17924885530920E+0000 8.46170108948718E+0000
 1.18846173699058E+0000 8.00388453085907E+0000
 1.19767461867195E+0000 5.09918399162416E+0000
 1.20688750035333E+0000 8.23382567400404E+0000
 1.21610038203471E+0000 1.05234676218242E+0001
 1.22531326371609E+0000 7.99764779299585E+0000
 1.23452614539747E+0000 7.13921572016989E+0000
 1.24373902707885E+0000 7.54521132077934E+0000
 1.25295190876022E+0000 1.02662170781259E+0001
 1.26216479044160E+0000 7.85563778747746E+0000
 1.27137767212298E+0000 9.82857413165038E+0000
 1.28059055380436E+0000 1.05333858652011E+0001
 1.28980343548574E+0000 9.79944537801202E+0000
 1.29901631716712E+0000 5.72388350119581E+0000
 1.30822919884849E+0000 8.81633718113881E+0000
 1.31744208052987E+0000 5.67571083015355E+0000
 1.32665496221125E+0000 1.09327631238993E+0001
 1.33586784389263E+0000 9.97819094642182E+0000
 1.34508072557401E+0000 5.79043059473770E+0000
 1.35429360725539E+0000 4.92508087619353E+0000
 1.36350648893676E+0000 1.07846216085745E+0001
 1.37271937061814E+0000 8.98476811776345E+0000
 1.38193225229952E+0000 5.39427080137102E+0000
 1.39114513398090E+0000 5.38278236308543E+0000
 1.40035801566228E+0000 6.63527123380481E+0000
 1.40957089734366E+0000 8.99070127810410E+0000
 1.41878377902503E+0000 5.37921899093635E+0000
 1.42799666070641E+0000 8.43666456788196E+0000
 1.43720954238779E+0000 8.78983657603385E+0000
 1.44642242406917E+0000 8.31795991768013E+0000
 1.45563530575055E+0000 1.18393989954056E+0001
 1.46484818743193E+0000 9.42712811296224E+0000
 1.47406106911330E+0000 6.79738348880346E+0000
 1.48327395079468E+0000 7.89517254268139E+0000
 1.49248683247606E+0000 5.28093768836698E+0000
 1.50169971415744E+0000 9.96503782241780E+0000
 1.51091259583882E+0000 6.42451466574857E+0000
 1.52012547752020E+0000 4.74636936417664E+0000
 1.52933835920157E+0000 9.16331462626113E+0000
 1.53855124088295E+0000 5.41301578754064E+0000
 1.54776412256433E+0000 6.14802145991416E+0000
 1.55697700424571E+0000 6.64193037564837E+0000
 1.56618988592709E+0000 1.13487949098053E+0001
 1.57540276760847E+0000 9.23108729200612E+0000
 1.58461564928984E+0000 6.22168938205141E+0000
 1.59382853097122E+0000 9.70034125132952E+0000
 1.60304141265260E+0000 5.00574891280121E+0000
 1.61225429433398E+0000 9.42435900705459E+0000
 1.62146717601536E+0000 6.23733250659279E+0000
 1.63068005769674E+0000 1.17860272034013E+0001
 1.63989293937811E+0000 9.74354218010558E+0000
 1.64910582105949E+0000 1.14888221920264E+0001
 1.65831870274087E+0000 6.38057861926791E+0000
 1.66753158442225E+0000 1.01021776284761E+0001
 1.67674446610363E+0000 1.02187605792133E+0001
 1.68595734778501E+0000 1.22334533118556E+0001
 1.69517022946638E+0000 6.05308765434165E+0000
 1.70438311114776E+0000 7.22900231050153E+0000
 1.71359599282914E+0000 8.59273505135207E+0000
 1.72280887451052E+0000 7.73147910179978E+0000
 1.73202175619190E+0000 6.22237343803135E+0000
 1.74123463787328E+0000 1.23992517809529E+0001
 1.75044751955465E+0000 7.00893561839621E+0000
 1.75966040123603E+0000 6.73478504276136E+0000
 1.76887328291741E+0000 1.11026187188691E+0001
 1.77808616459879E+0000 8.24171467391716E+0000
 1.78729904628017E+0000 8.04382481097127E+0000
 1.79651192796155E+0000 1.12732881261909E+0001
 1.80572480964292E+0000 6.86626619239541E+0000
 1.81493769132430E+0000 1.07714409629552E+0001
 1.82415057300568E+0000 6.36067908648693E+0000
 1.83336345468706E+0000 1.19886521049193E+0001
 1.84257633636844E+0000 1.00688144085143E+0001
 1.85178921804982E+0000 1.18404688400915E+0001
 1.86100209973119E+0000 8.66214219020912E+0000
 1.87021498141257E+0000 8.07238148228498E+0000
 1.87942786309395E+0000 9.87209252416505E+0000
 1.88864074477533E+0000 5.52782658365322E+0000
 1.89785362645671E+0000 1.07540771430213E+0001
 1.90706650813809E+0000 9.88418091624044E+0000
 1.91627938981947E+0000 1.20226814245398E+0001
 1.92549227150084E+0000 6.93112949749775E+0000
 1.93470515318222E+0000 9.13054635791923E+0000
 1.94391803486360E+0000 7.68691374867922E+0000
 1.95313091654498E+0000 8.87450654014538E+0000
 1.96234379822636E+0000 7.31510456792603E+0000
 1.97155667990774E+0000 9.63201832138293E+0000
 1.98076956158911E+0000 1.17390018329024E+0001
 1.98998244327049E+0000 5.99486824183987E+0000
 1.99919532495187E+0000 7.85546071873250E+0000
 2.00840820663507E+0000 6.30607073607825E+0000
 2.01762108831826E+0000 8.28842456264829E+0000
 2.02683397000146E+0000 5.94767441684962E+0000
 2.03604685168466E+0000 1.09186408149399E+0001
 2.04525973336786E+0000 1.11327581086080E+0001
 2.05447261505105E+0000 1.07176625267894E+0001
 2.06368549673425E+0000 6.99674750289705E+0000
 2.07289837841745E+0000 1.18995330657199E+0001
 2.08211126010065E+0000 1.24345354573015E+0001
 2.09132414178384E+0000 1.19717204500048E+0001
 2.10053702346704E+0000 1.02026449825789E+0001
 2.10974990515024E+0000 8.37278534319194E+0000
 2.11896278683344E+0000 1.15922437041008E+0001
 2.12817566851663E+0000 9.29597366727830E+0000
 2.13738855019983E+0000 1.08063245979720E+0001
 2.14660143188303E+0000 1.13678169372288E+0001
 2.15581431356622E+0000 7.71033449634706E+0000
 2.16502719524942E+0000 1.10346824943408E+0001
 2.17424007693262E+0000 9.36158424749738E+0000
 2.18345295861582E+0000 9.92769512929954E+0000
 2.19266584029901E+0000 1.16240424560528E+0001
 2.20187872198221E+0000 7.72366422148480E+0000
 2.21109160366541E+0000 1.06187031183945E+0001
 2.22030448534861E+0000 1.06483611585572E+0001
 2.22951736703180E+0000 1.08111381853087E+0001
 2.23873024871500E+0000 8.93741689344461E+0000
 2.24794313039820E+0000 1.17124049623235E+0001
 2.25715601208140E+0000 8.77567106550850E+0000
 2.26636889376459E+0000 9.89107485878048E+0000
 2.27558177544779E+0000 8.29878612683387E+0000
 2.28479465713099E+0000 9.27559523178206E+0000
 2.29400753881418E+0000 7.58896759693744E+0000
 2.30322042049738E+0000 8.58770242989704E+0000
 2.31243330218058E+0000 9.01387385597627E+0000
 2.32164618386378E+0000 9.48733592260396E+0000
 2.33085906554697E+0000 9.78932947121211E+0000
 2.34007194723017E+0000 9.80254986046930E+0000
 2.34928482891337E+0000 1.15030999502487E+0001
 2.35849771059657E+0000 7.02406869867991E+0000
 2.36771059227976E+0000 8.64538532799634E+0000
 2.37692347396296E+0000 6.81975508303003E+0000
 2.38613635564616E+0000 9.02427878162416E+0000
 2.39534923732936E+0000 7.76576212439250E+0000
 2.40456211901255E+0000 1.00156925596384E+0001
 2.41377500069575E+0000 8.15209833314293E+0000
 2.42298788237895E+0000 9.14676518658234E+0000
 2.43220076406215E+0000 7.15644504704687E+0000
 2.44141364574534E+0000 9.50503836035205E+0000
 2.45062652742854E+0000 1.06624232270551E+0001
 2.45983940911174E+0000 8.44843692265567E+0000
 2.46905229079493E+0000 7.11703117541765E+0000
 2.47826517247813E+0000 9.22692540936987E+0000
 2.48747805416133E+0000 7.45022541420622E+0000
 2.49669093584453E+0000 1.14308722337591E+0001
 2.50590381752772E+0000 1.07796510401095E+0001
 2.51511669921092E+0000 7.04073005951068E+0000
 2.52432958089412E+0000 8.36418618416064E+0000
 2.53354246257732E+0000 9.57491347930045E+0000
 2.54275534426051E+0000 9.74889132549288E+0000
 2.55196822594371E+0000 1.04276549669303E+0001
 2.56118110762691E+0000 1.08734998846630E+0001
 2.57039398931011E+0000 9.29248793005536E+0000
 2.57960687099330E+0000 8.40668096530135E+0000
 2.58881975267650E+0000 9.52960856648860E+0000
 2.59803263435970E+0000 7.84176358771947E+0000
 2.60724551604289E+0000 9.51708527468145E+0000
 2.61645839772609E+0000 9.77507109785802E+0000
 2.62567127940929E+0000 8.87405968848907E+0000
 2.63488416109249E+0000 9.84756154788192E+0000
 2.64409704277568E+0000 1.04663595912716E+0001
 2.65330992445888E+0000 8.11307116338867E+0000
 2.66252280614208E+0000 7.55666498576466E+0000
 2.67173568782528E+0000 9.16783739114180E+0000
 2.68094856950847E+0000 8.21921811108768E+0000
 2.69016145119167E+0000 9.53964127087966E+0000
 2.69937433287487E+0000 7.70587834451726E+0000
 2.70858721455807E+0000 8.51593741367105E+0000
 2.71780009624126E+0000 8.50400845323747E+0000
 2.72701297792446E+0000 1.00628301178804E+0001
 2.73622585960766E+0000 1.00683025130857E+0001
 2.74543874129085E+0000 8.44518502024584E+0000
 2.75465162297405E+0000 7.65790699328500E+0000
 2.76386450465725E+0000 1.02616675640893E+0001
 2.77307738634045E+0000 8.96713926708617E+0000
 2.78229026802364E+0000 9.97185226195143E+0000
 2.79150314970684E+0000 8.91601683353656E+0000
 2.80071603139004E+0000 8.44178574717080E+0000
 2.80992891307324E+0000 8.07723895608797E+0000
 2.81914179475643E+0000 1.01041332386958E+0001
 2.82835467643963E+0000 8.16790618118830E+0000
 2.83756755812283E+0000 9.49229558619845E+0000
 2.84678043980603E+0000 9.33074019654305E+0000
 2.85599332148922E+0000 8.76015412420384E+0000
 2.86520620317242E+0000 8.71638640022138E+0000
 2.87441908485562E+0000 9.83175641839625E+0000
 2.88363196653881E+0000 9.56111123753362E+0000
 2.89284484822201E+0000 8.12699680714286E+0000
 2.90205772990521E+0000 8.03334204159910E+0000
 2.91127061158841E+0000 8.57782255530765E+0000
 2.92048349327160E+0000 8.20412452798337E+0000
 2.92969637495480E+0000 8.26004387921421E+0000
 2.93890925663800E+0000 8.40323168932809E+0000
 2.94812213832120E+0000 8.68718129178160E+0000
 2.95733502000439E+0000 8.26852189817873E+0000
 2.96654790168759E+0000 8.46707939769840E+0000
 2.97576078337079E+0000 8.71772715209227E+0000
 2.98497366505399E+0000 8.76563016869477E+0000
 2.99418654673718E+0000 8.27912898731302E+0000
 3.00339942842038E+0000 9.28619151754538E+0000
 3.01261231010358E+0000 8.34358139093092E+0000
 3.02182519178677E+0000 9.03288343492022E+0000
 3.03103807346997E+0000 8.65490074423724E+0000
 3.04025095515317E+0000 8.46848469231918E+0000
 3.04946383683637E+0000 9.04831165420183E+0000
 3.05867671851956E+0000 8.81901470453886E+0000
 3.06788960020276E+0000 8.42021689988906E+0000
 3.07710248188596E+0000 8.66602296833298E+0000
 3.08631536356916E+0000 8.70129300934786E+0000
 3.09552824525235E+0000 8.56195485059288E+0000
 3.10474112693555E+0000 8.51469283073675E+0000
 3.11395400861875E+0000 8.64567733975127E+0000
 3.12316689030195E+0000 8.61829176140600E+0000
 3.13237977198514E+0000 8.58326030458556E+0000
 3.14159265366834E+0000 8.60398163374339E+0000
 3.15080553535154E+0000 8.58282778541616E+0000
 3.16001841703473E+0000 8.62939639666001E+0000
 3.16923129871793E+0000 8.58341219025897E+0000
 3.17844418040113E+0000 8.55235437196097E+0000
 3.18765706208433E+0000 8.61901277903235E+0000
 3.19686994376752E+0000 8.67424646871223E+0000
 3.20608282545072E+0000 8.71835395609378E+0000
 3.21529570713392E+0000 8.67150506592588E+0000
 3.22450858881712E+0000 8.71711013519962E+0000
 3.23372147050031E+0000 8.16043861459184E+0000
 3.24293435218351E+0000 8.38546663966554E+0000
 3.25214723386671E+0000 8.25466303127178E+0000
 3.26136011554991E+0000 8.14698737215076E+0000
 3.27057299723310E+0000 8.43759017504635E+0000
 3.27978587891630E+0000 8.32146208292397E+0000
 3.28899876059950E+0000 8.22106619931583E+0000
 3.29821164228269E+0000 8.12848308237153E+0000
 3.30742452396589E+0000 7.80526643449411E+0000
 3.31663740564909E+0000 8.96027550930739E+0000
 3.32585028733229E+0000 8.78693180067057E+0000
 3.33506316901548E+0000 9.05942863613018E+0000
 3.34427605069868E+0000 9.03791993825871E+0000
 3.35348893238188E+0000 7.92374775803182E+0000
 3.36270181406508E+0000 7.98524317645933E+0000
 3.37191469574827E+0000 7.50365255439829E+0000
 3.38112757743147E+0000 7.94414814078482E+0000
 3.39034045911467E+0000 8.52508335768653E+0000
 3.39955334079787E+0000 7.85583055737516E+0000
 3.40876622248106E+0000 9.08063256711466E+0000
 3.41797910416426E+0000 7.25449644607579E+0000
 3.42719198584746E+0000 7.26677130871394E+0000
 3.43640486753065E+0000 9.32366459397599E+0000
 3.44561774921385E+0000 8.29007896051917E+0000
 3.45483063089705E+0000 8.46809435686737E+0000
 3.46404351258025E+0000 7.32974474677030E+0000
 3.47325639426344E+0000 7.91587051362148E+0000
 3.48246927594664E+0000 8.24793842570216E+0000
 3.49168215762984E+0000 9.31365437732893E+0000
 3.50089503931304E+0000 7.45957392796117E+0000
 3.51010792099623E+0000 8.44647664227523E+0000
 3.51932080267943E+0000 6.97956103445904E+0000
 3.52853368436263E+0000 8.61850353694172E+0000
 3.53774656604583E+0000 7.47908855586138E+0000
 3.54695944772902E+0000 9.17522795316472E+0000
 3.55617232941222E+0000 9.41281359807181E+0000
 3.56538521109542E+0000 8.35194688724005E+0000
 3.57459809277861E+0000 8.86925576627254E+0000
 3.58381097446181E+0000 6.94722740950965E+0000
 3.59302385614501E+0000 9.69509820436360E+0000
 3.60223673782821E+0000 8.27699630209827E+0000
 3.61144961951140E+0000 6.90714818031120E+0000
 3.62066250119460E+0000 8.98979619727470E+0000
 3.62987538287780E+0000 9.41231588002120E+0000
 3.63908826456100E+0000 6.45294883452880E+0000
 3.64830114624419E+0000 9.37181208642141E+0000
 3.65751402792739E+0000 8.93138238113897E+0000
 3.66672690961059E+0000 8.86127083502652E+0000
 3.67593979129379E+0000 7.81111908114690E+0000
 3.68515267297698E+0000 9.81736433859624E+0000
 3.69436555466018E+0000 8.31131195584021E+0000
 3.70357843634338E+0000 8.77653092227411E+0000
 3.71279131802658E+0000 7.28570075713651E+0000
 3.72200419970977E+0000 8.61703510745429E+0000
 3.73121708139297E+0000 8.49546583280608E+0000
 3.74042996307617E+0000 9.95502501037845E+0000
 3.74964284475936E+0000 8.55213521595579E+0000
 3.75885572644256E+0000 6.33327073899272E+0000
 3.76806860812576E+0000 6.04628739184409E+0000
 3.77728148980896E+0000 6.28190521513898E+0000
 3.78649437149215E+0000 8.87415458320174E+0000
 3.79570725317535E+0000 8.41305075492710E+0000
 3.80492013485855E+0000 9.08811300685920E+0000
 3.81413301654175E+0000 9.39148250581638E+0000
 3.82334589822494E+0000 6.51128831976530E+0000
 3.83255877990814E+0000 8.41444978518120E+0000
 3.84177166159134E+0000 8.25530850821815E+0000
 3.85098454327454E+0000 5.74049306984671E+0000
 3.86019742495773E+0000 6.41237570533849E+0000
 3.86941030664093E+0000 5.45407331784372E+0000
 3.87862318832413E+0000 7.46078694196331E+0000
 3.88783607000732E+0000 8.23882401494484E+0000
 3.89704895169052E+0000 7.24549877273967E+0000
 3.90626183337372E+0000 1.01506377724872E+0001
 3.91547471505692E+0000 6.39474712256924E+0000
 3.92468759674011E+0000 7.47236769957090E+0000
 3.93390047842331E+0000 9.95821534443530E+0000
 3.94311336010651E+0000 5.58839198428905E+0000
 3.95232624178971E+0000 8.24302077399625E+0000
 3.96153912347290E+0000 9.72934050796903E+0000
 3.97075200515610E+0000 6.86785355160828E+0000
 3.97996488683930E+0000 9.09097516702604E+0000
 3.98917776852250E+0000 6.86683632463973E+0000
 3.99839065020569E+0000 7.28385037985572E+0000
 4.00760353188525E+0000 5.38526517048012E+0000
 4.01681641356845E+0000 9.82908769720234E+0000
 4.02602929525165E+0000 7.60599982982967E+0000
 4.03524217693484E+0000 6.04161750939238E+0000
 4.04445505861804E+0000 9.87154030925012E+0000
 4.05366794030124E+0000 8.61277809375315E+0000
 4.06288082198444E+0000 7.89661983452243E+0000
 4.07209370366763E+0000 1.04927131316799E+0001
 4.08130658535083E+0000 6.73892887364491E+0000
 4.09051946703403E+0000 9.57209322434210E+0000
 4.09973234871723E+0000 9.29074999349541E+0000
 4.10894523040042E+0000 5.61662317618175E+0000
 4.11815811208362E+0000 7.92922168588848E+0000
 4.12737099376682E+0000 5.79755827033659E+0000
 4.13658387545001E+0000 6.45235715732997E+0000
 4.14579675713321E+0000 6.69241674279328E+0000
 4.15500963881641E+0000 5.66463058787485E+0000
 4.16422252049961E+0000 6.49913199308503E+0000
 4.17343540218280E+0000 8.07044582994422E+0000
 4.18264828386600E+0000 8.78410795927630E+0000
 4.19186116554920E+0000 5.29691621089296E+0000
 4.20107404723240E+0000 5.20194298317801E+0000
 4.21028692891559E+0000 6.22651660662814E+0000
 4.21949981059879E+0000 7.23164601230383E+0000
 4.22871269228199E+0000 8.13263001457381E+0000
 4.23792557396519E+0000 5.89723384982062E+0000
 4.24713845564838E+0000 7.67301377260446E+0000
 4.25635133733158E+0000 6.75283359855530E+0000
 4.26556421901478E+0000 8.98581808539166E+0000
 4.27477710069797E+0000 1.08999320383737E+0001
 4.28398998238117E+0000 1.09759964210971E+0001
 4.29320286406437E+0000 7.04813174765150E+0000
 4.30241574574757E+0000 1.00563811261527E+0001
 4.31162862743076E+0000 5.07444011262851E+0000
 4.32084150911396E+0000 4.81348144797812E+0000
 4.33005439079716E+0000 9.87128910591127E+0000
 4.33926727248036E+0000 7.03086109163996E+0000
 4.34848015416355E+0000 5.80674668782740E+0000
 4.35769303584675E+0000 5.77126231593866E+0000
 4.36690591752995E+0000 9.62408326492005E+0000
 4.37611879921315E+0000 1.13387730601098E+0001
 4.38533168089634E+0000 5.03175427867973E+0000
 4.39454456257954E+0000 9.54799189446203E+0000
 4.40375744426274E+0000 7.28550406172144E+0000
 4.41297032594593E+0000 6.24701939492661E+0000
 4.42218320762913E+0000 9.16650982164720E+0000
 4.43139608931233E+0000 4.86221480183303E+0000
 4.44060897099553E+0000 9.89712202546070E+0000
 4.44982185267872E+0000 5.13737067906914E+0000
 4.45903473436192E+0000 9.80233329614566E+0000
 4.46824761604512E+0000 7.10959769447800E+0000
 4.47746049772832E+0000 7.01825697952154E+0000
 4.48667337941151E+0000 9.36143000778975E+0000
 4.49588626109471E+0000 9.89393898053095E+0000
 4.50509914277791E+0000 9.73012818071584E+0000
 4.51431202446111E+0000 9.43583010302973E+0000
 4.52352490614430E+0000 8.33285615462228E+0000
 4.53273778782750E+0000 8.01014653660241E+0000
 4.54195066951070E+0000 7.01902800267271E+0000
 4.55116355119389E+0000 8.46021493073204E+0000
 4.56037643287709E+0000 1.15735084445332E+0001
 4.56958931456029E+0000 1.06935950986663E+0001
 4.57880219624349E+0000 7.58254056794249E+0000
 4.58801507792668E+0000 1.10220956128178E+0001
 4.59722795960988E+0000 7.23656549980660E+0000
 4.60644084129308E+0000 1.20488199537649E+0001
 4.61565372297628E+0000 6.59869701925345E+0000
 4.62486660465947E+0000 6.05999307974707E+0000
 4.63407948634267E+0000 8.90891450569325E+0000
 4.64329236802587E+0000 9.49313941497530E+0000
 4.65250524970907E+0000 1.08052040582843E+0001
 4.66171813139226E+0000 9.58188588877965E+0000
 4.67093101307546E+0000 7.05640414691152E+0000
 4.68014389475866E+0000 5.14046050205798E+0000
 4.68935677644185E+0000 9.19611654066830E+0000
 4.69856965812505E+0000 8.70947553447331E+0000
 4.70778253980825E+0000 9.65039754369354E+0000
 4.71699542149145E+0000 6.87080855101522E+0000
 4.72620830317464E+0000 1.11515254774858E+0001
 4.73542118485784E+0000 5.48936500705895E+0000
 4.74463406654104E+0000 1.07290300354507E+0001
 4.75384694822424E+0000 8.55441755458014E+0000
 4.76305982990743E+0000 8.18264413990255E+0000
 4.77227271159063E+0000 6.59457613208360E+0000
 4.78148559327383E+0000 1.10782106381230E+0001
 4.79069847495703E+0000 7.57432460237033E+0000
 4.79991135664022E+0000 7.47457770935580E+0000
 4.80912423832342E+0000 6.46076796112175E+0000
 4.81833712000662E+0000 6.43463058979250E+0000
 4.82755000168981E+0000 1.15333300820930E+0001
 4.83676288337301E+0000 8.06517293988145E+0000
 4.84597576505621E+0000 8.96987822630035E+0000
 4.85518864673941E+0000 1.28220962144405E+0001
 4.86440152842260E+0000 7.60021545665950E+0000
 4.87361441010580E+0000 1.15241833550244E+0001
 4.88282729178900E+0000 7.03818279554980E+0000
 4.89204017347220E+0000 8.88829473822261E+0000
 4.90125305515539E+0000 1.18640474489948E+0001
 4.91046593683859E+0000 9.55251692039019E+0000
 4.91967881852179E+0000 7.35465118070715E+0000
 4.92889170020499E+0000 1.18910435053258E+0001
 4.93810458188818E+0000 6.20261451299302E+0000
 4.94731746357138E+0000 6.02680210971448E+0000
 4.95653034525458E+0000 6.40567808322521E+0000
 4.96574322693778E+0000 9.90901619040233E+0000
 4.97495610862097E+0000 1.03538871811033E+0001
 4.98416899030417E+0000 7.21149591121502E+0000
 4.99338187198737E+0000 1.28003922125499E+0001
 5.00259475367056E+0000 6.10721244407614E+0000
 5.01180763535376E+0000 7.24117393026245E+0000
 5.02102051703696E+0000 8.00042882205162E+0000
 5.03023339872016E+0000 7.97158521485107E+0000
 5.03944628040335E+0000 1.03472117189667E+0001
 5.04865916208655E+0000 1.21675634056592E+0001
 5.05787204376975E+0000 8.89455646929855E+0000
 5.06708492545295E+0000 7.41852965051658E+0000
 5.07629780713614E+0000 6.81319973432255E+0000
 5.08551068881934E+0000 1.24771229632897E+0001
 5.09472357050254E+0000 1.03004121438862E+0001
 5.10393645218574E+0000 1.31953654218523E+0001
 5.11314933386893E+0000 1.32437643603771E+0001
 5.12236221555213E+0000 6.74613669179962E+0000
 5.13157509723533E+0000 1.31756060292100E+0001
 5.14078797891852E+0000 1.07795640299446E+0001
 5.15000086060172E+0000 1.12687275543722E+0001
 5.15921374228492E+0000 1.23595221320866E+0001
 5.16842662396812E+0000 7.84147738400497E+0000
 5.17763950565131E+0000 1.28747371904174E+0001
 5.18685238733451E+0000 1.36890863244917E+0001
 5.19606526901771E+0000 8.63498047509347E+0000
 5.20527815070091E+0000 9.86145742337976E+0000
 5.21449103238410E+0000 1.20158902590192E+0001
 5.22370391406730E+0000 1.14662215011194E+0001
 5.23291679575050E+0000 8.70323853516311E+0000
 5.24212967743370E+0000 9.39734666662116E+0000
 5.25134255911689E+0000 1.03359622783464E+0001
 5.26055544080009E+0000 1.21766335422435E+0001
 5.26976832248329E+0000 1.16111291821144E+0001
 5.27898120416648E+0000 9.31387389053998E+0000
 5.28819408584968E+0000 8.78230722095759E+0000
 5.29740696753288E+0000 1.29586524754995E+0001
 5.30661984921608E+0000 1.36227220053261E+0001
 5.31583273089927E+0000 1.39769520492118E+0001
 5.32504561258247E+0000 1.17676851281140E+0001
 5.33425849426567E+0000 1.28143644447555E+0001
 5.34347137594887E+0000 1.33488665086043E+0001
 5.35268425763206E+0000 9.76403243682580E+0000
 5.36189713931526E+0000 1.08985858629167E+0001
 5.37111002099846E+0000 1.18524486563110E+0001
 5.38032290268166E+0000 1.28043404670170E+0001
 5.38953578436485E+0000 1.06500058558449E+0001
 5.39874866604805E+0000 9.52955607662443E+0000
 5.40796154773125E+0000 8.63899607220083E+0000
 5.41717442941444E+0000 8.82052925603057E+0000
 5.42638731109764E+0000 1.31797718064918E+0001
 5.43560019278084E+0000 1.36403331254696E+0001
 5.44481307446404E+0000 1.07392208135134E+0001
 5.45402595614723E+0000 1.38401675297209E+0001
 5.46323883783043E+0000 1.14062283239182E+0001
 5.47245171951363E+0000 1.21860824504402E+0001
 5.48166460119683E+0000 1.28930068547197E+0001
 5.49087748288002E+0000 9.98409407674626E+0000
 5.50009036456322E+0000 9.24998218246037E+0000
 5.50930324624642E+0000 1.15281434574572E+0001
 5.51851612792962E+0000 1.17000766803685E+0001
 5.52772900961281E+0000 1.11287273753987E+0001
 5.53694189129601E+0000 1.02521101821039E+0001
 5.54615477297921E+0000 1.02601392824436E+0001
 5.55536765466240E+0000 1.43690414608282E+0001
 5.56458053634560E+0000 1.10931474606041E+0001
 5.57379341802880E+0000 1.06426920647355E+0001
 5.58300629971200E+0000 1.19036820414185E+0001
 5.59221918139519E+0000 1.01187647656043E+0001
 5.60143206307839E+0000 1.30970272015256E+0001
 5.61064494476159E+0000 1.17451907900977E+0001
 5.61985782644479E+0000 1.09412254838535E+0001
 5.62907070812798E+0000 1.04133206471888E+0001
 5.63828358981118E+0000 1.16356511771301E+0001
 5.64749647149438E+0000 1.07217722352216E+0001
 5.65670935317758E+0000 1.43274912927736E+0001
 5.66592223486077E+0000 1.33435686969460E+0001
 5.67513511654397E+0000 1.49166759794753E+0001
 5.68434799822717E+0000 1.11617366298015E+0001
 5.69356087991036E+0000 1.11675639273453E+0001
 5.70277376159356E+0000 1.41366681250511E+0001
 5.71198664327676E+0000 1.35814360492077E+0001
 5.72119952495996E+0000 1.17790920073312E+0001
 5.73041240664315E+0000 1.17860234816326E+0001
 5.73962528832635E+0000 1.27812356831564E+0001
 5.74883817000955E+0000 1.39150142294384E+0001
 5.75805105169275E+0000 1.19834969521471E+0001
 5.76726393337594E+0000 1.30851094589016E+0001
 5.77647681505914E+0000 1.25978112424636E+0001
 5.78568969674234E+0000 1.43588027015794E+0001
 5.79490257842554E+0000 1.34531314062770E+0001
 5.80411546010873E+0000 1.26599033840466E+0001
 5.81332834179193E+0000 1.49737245477882E+0001
 5.82254122347513E+0000 1.21447726413026E+0001
 5.83175410515832E+0000 1.41690146577603E+0001
 5.84096698684152E+0000 1.45019134487666E+0001
 5.85017986852472E+0000 1.39840438378305E+0001
 5.85939275020792E+0000 1.52627778238093E+0001
 5.86860563189111E+0000 1.34183329240768E+0001
 5.87781851357431E+0000 1.36747694877849E+0001
 5.88703139525751E+0000 1.39167307629396E+0001
 5.89624427694071E+0000 1.49582040727255E+0001
 5.90545715862390E+0000 1.42074792385101E+0001
 5.91467004030710E+0000 1.29510537189490E+0001
 5.92388292199030E+0000 1.36986295165407E+0001
 5.93309580367350E+0000 1.45941176052729E+0001
 5.94230868535669E+0000 1.36384120110888E+0001
 5.95152156703989E+0000 1.55076871278434E+0001
 5.96073444872309E+0000 1.36747693704820E+0001
 5.96994733040628E+0000 1.46133304618124E+0001
 5.97916021208948E+0000 1.34959407680290E+0001
 5.98837309377268E+0000 1.35940636227460E+0001
 5.99758597545588E+0000 1.46823816990363E+0001
 6.00679885713907E+0000 1.39395334027649E+0001
 6.01601173882227E+0000 1.42220600453002E+0001
 6.02522462050547E+0000 1.45262349978730E+0001
 6.03443750218867E+0000 1.42575268918008E+0001
 6.04365038387186E+0000 1.50210257697618E+0001
 6.05286326555506E+0000 1.48644815785810E+0001
 6.06207614723826E+0000 1.53716689160938E+0001
 6.07128902892146E+0000 1.56889818223135E+0001
 6.08050191060465E+0000 1.46199013791484E+0001
 6.08971479228785E+0000 1.51506981308048E+0001
 6.09892767397105E+0000 1.47829330327077E+0001
 6.10814055565424E+0000 1.48328154878836E+0001
 6.11735343733744E+0000 1.48436218901043E+0001
 6.12656631902064E+0000 1.54406915088475E+0001
 6.13577920070384E+0000 1.58570702374855E+0001
 6.14499208238703E+0000 1.51801604451321E+0001
 6.15420496407023E+0000 1.53702189304313E+0001
 6.16341784575343E+0000 1.58821580142539E+0001
 6.17263072743663E+0000 1.54757817980717E+0001
 6.18184360911982E+0000 1.61725203143433E+0001
 6.19105649080302E+0000 1.61516353144834E+0001
 6.20026937248622E+0000 1.62035827621876E+0001
 6.20948225416942E+0000 1.59787181236752E+0001
 6.21869513585261E+0000 1.62065684166737E+0001
 6.22790801753581E+0000 1.61047852494230E+0001
 6.23712089921901E+0000 1.60968769903993E+0001
 6.24633378090221E+0000 1.63294389667280E+0001
 6.25554666258540E+0000 1.62985576092033E+0001
 6.26475954426860E+0000 1.63962668191816E+0001
 6.27397242595180E+0000 1.64216307152237E+0001
 6.28318530763499E+0000 1.64579632715322E+0001
 6.29239818931819E+0000 1.64972813411732E+0001
 6.30161107100139E+0000 1.65602020332590E+0001
 6.31082395268459E+0000 1.65499513736868E+0001
 6.32003683436778E+0000 1.67786455816822E+0001
 6.32924971605098E+0000 1.65829163276358E+0001
 6.33846259773418E+0000 1.67686429167807E+0001
 6.34767547941738E+0000 1.69928191346989E+0001
 6.35688836110057E+0000 1.66706923610473E+0001
 6.36610124278377E+0000 1.66931324335746E+0001
 6.37531412446697E+0000 1.72303019942774E+0001
 6.38452700615017E+0000 1.70334245387930E+0001
 6.39373988783336E+0000 1.75114305837778E+0001
 6.40295276951656E+0000 1.76418539765291E+0001
 6.41216565119976E+0000 1.72837422007869E+0001
 6.42137853288295E+0000 1.69396876236715E+0001
 6.43059141456615E+0000 1.74412489659735E+0001
 6.43980429624935E+0000 1.72265588974406E+0001
 6.44901717793255E+0000 1.72121345251217E+0001
 6.45823005961574E+0000 1.69159421483928E+0001
 6.46744294129894E+0000 1.72797245669935E+0001
 6.47665582298214E+0000 1.79210441300820E+0001
 6.48586870466534E+0000 1.74322915969242E+0001
 6.49508158634853E+0000 1.83068811512203E+0001
 6.50429446803173E+0000 1.86482994702819E+0001
 6.51350734971493E+0000 1.73884645882063E+0001
 6.52272023139813E+0000 1.84092872544425E+0001
 6.53193311308132E+0000 1.81730248187087E+0001
 6.54114599476452E+0000 1.81551518913766E+0001
 6.55035887644772E+0000 1.73973533487297E+0001
 6.55957175813091E+0000 1.83683902483317E+0001
 6.56878463981411E+0000 1.78403891388443E+0001
 6.57799752149731E+0000 1.82501183758432E+0001
 6.58721040318051E+0000 1.89010752698814E+0001
 6.59642328486370E+0000 1.91620980117295E+0001
 6.60563616654690E+0000 1.75339651118557E+0001
 6.61484904823010E+0000 1.85779457144963E+0001
 6.62406192991330E+0000 1.92858759297233E+0001
 6.63327481159649E+0000 1.77233453978261E+0001
 6.64248769327969E+0000 1.85992782386602E+0001
 6.65170057496289E+0000 1.96250117777963E+0001
 6.66091345664609E+0000 1.75696336973051E+0001
 6.67012633832928E+0000 1.90510056779603E+0001
 6.67933922001248E+0000 2.02534779498528E+0001
 6.68855210169568E+0000 2.00891850844200E+0001
 6.69776498337887E+0000 1.91522908985789E+0001
 6.70697786506207E+0000 1.75414378742862E+0001
 6.71619074674527E+0000 1.81447768727958E+0001
 6.72540362842847E+0000 1.91054113821301E+0001
 6.73461651011166E+0000 2.06705655626720E+0001
 6.74382939179486E+0000 1.88942829078878E+0001
 6.75304227347806E+0000 2.01981040246028E+0001
 6.76225515516126E+0000 1.94755741057452E+0001
 6.77146803684445E+0000 1.88294224081619E+0001
 6.78068091852765E+0000 2.11132016683987E+0001
 6.78989380021085E+0000 2.10431054964429E+0001
 6.79910668189405E+0000 1.80657837004401E+0001
 6.80831956357724E+0000 2.02680513419036E+0001
 6.81753244526044E+0000 2.03363900488184E+0001
 6.82674532694364E+0000 2.11222524372279E+0001
 6.83595820862683E+0000 1.96769100762613E+0001
 6.84517109031003E+0000 2.12222379652667E+0001
 6.85438397199323E+0000 2.07370907038858E+0001
 6.86359685367643E+0000 1.86595807771955E+0001
 6.87280973535962E+0000 1.91334919457149E+0001
 6.88202261704282E+0000 2.14845468958083E+0001
 6.89123549872602E+0000 1.93587677898468E+0001
 6.90044838040922E+0000 1.82172354070935E+0001
 6.90966126209241E+0000 2.09350423300348E+0001
 6.91887414377561E+0000 2.10040251988394E+0001
 6.92808702545881E+0000 1.94564631157264E+0001
 6.93729990714201E+0000 2.13838153543766E+0001
 6.94651278882520E+0000 1.97034575899597E+0001
 6.95572567050840E+0000 1.99625359523925E+0001
 6.96493855219160E+0000 1.89268662707182E+0001
 6.97415143387479E+0000 1.89480427512026E+0001
 6.98336431555799E+0000 2.07656702387321E+0001
 6.99257719724119E+0000 2.29688696298981E+0001
 7.00179007892439E+0000 2.07562010927941E+0001
 7.01100296060758E+0000 2.04942666873976E+0001
 7.02021584229078E+0000 2.28394177487353E+0001
 7.02942872397398E+0000 2.22714192979620E+0001
 7.03864160565718E+0000 2.00940303948300E+0001
 7.04785448734037E+0000 1.95009964361088E+0001
 7.05706736902357E+0000 2.33480905455945E+0001
 7.06628025070677E+0000 1.99026622937818E+0001
 7.07549313238997E+0000 1.91974151705217E+0001
 7.08470601407316E+0000 2.25505172233388E+0001
 7.09391889575636E+0000 2.29257927660365E+0001
 7.10313177743956E+0000 1.94930962234794E+0001
 7.11234465912275E+0000 2.34676844071946E+0001
 7.12155754080595E+0000 1.89654578847985E+0001
 7.13077042248915E+0000 2.19734305203601E+0001
 7.13998330417235E+0000 2.01399178161519E+0001
 7.14919618585554E+0000 2.08336207875400E+0001
 7.15840906753874E+0000 1.97891739844345E+0001
 7.16762194922194E+0000 2.27270362360869E+0001
 7.17683483090514E+0000 2.30824239268550E+0001
 7.18604771258833E+0000 2.38595338437590E+0001
 7.19526059427153E+0000 2.37842009364103E+0001
 7.20447347595473E+0000 2.23798988718190E+0001
 7.21368635763793E+0000 2.24596822574968E+0001
 7.22289923932112E+0000 2.37862709135807E+0001
 7.23211212100432E+0000 1.99285172803211E+0001
 7.24132500268752E+0000 2.23755332101136E+0001
 7.25053788437071E+0000 1.92556678742112E+0001
 7.25975076605391E+0000 2.15818035331031E+0001
 7.26896364773711E+0000 2.13719355675275E+0001
 7.27817652942031E+0000 2.43083415099245E+0001
 7.28738941110350E+0000 2.27264971994446E+0001
 7.29660229278670E+0000 1.92149218217819E+0001
 7.30581517446990E+0000 2.45150211961591E+0001
 7.31502805615310E+0000 1.94814493236772E+0001
 7.32424093783629E+0000 2.24274971064297E+0001
 7.33345381951949E+0000 2.05027818288363E+0001
 7.34266670120269E+0000 2.44123801362875E+0001
 7.35187958288589E+0000 2.42093881679175E+0001
 7.36109246456908E+0000 2.05248071191891E+0001
 7.37030534625228E+0000 2.43670218254847E+0001
 7.37951822793548E+0000 2.22334003255237E+0001
 7.38873110961867E+0000 2.35057097470562E+0001
 7.39794399130187E+0000 2.42937105550081E+0001
 7.40715687298507E+0000 2.10092650369043E+0001
 7.41636975466827E+0000 2.29856736804068E+0001
 7.42558263635146E+0000 2.28790909532690E+0001
 7.43479551803466E+0000 2.03335856935300E+0001
 7.44400839971786E+0000 2.45558205663401E+0001
 7.45322128140106E+0000 1.95388265096117E+0001
 7.46243416308425E+0000 2.39168027525302E+0001
 7.47164704476745E+0000 2.10281613746192E+0001
 7.48085992645065E+0000 2.19171832793218E+0001
 7.49007280813385E+0000 2.04839016181941E+0001
 7.49928568981704E+0000 2.13057767192659E+0001
 7.50849857150024E+0000 2.48217610679567E+0001
 7.51771145318344E+0000 2.17607164721994E+0001
 7.52692433486664E+0000 2.32391140897817E+0001
 7.53613721654983E+0000 2.63272378456022E+0001
 7.54535009823303E+0000 2.08711456151796E+0001
 7.55456297991623E+0000 2.56656249324733E+0001
 7.56377586159942E+0000 2.18459979608306E+0001
 7.57298874328262E+0000 2.14306916169298E+0001
 7.58220162496582E+0000 2.50079941499571E+0001
 7.59141450664902E+0000 2.41379421310266E+0001
 7.60062738833221E+0000 2.54455223453406E+0001
 7.60984027001541E+0000 2.60120669704629E+0001
 7.61905315169861E+0000 2.19450381862407E+0001
 7.62826603338181E+0000 2.22031645568786E+0001
 7.63747891506500E+0000 2.23154236266855E+0001
 7.64669179674820E+0000 2.36362302011985E+0001
 7.65590467843140E+0000 2.33685346367129E+0001
 7.66511756011460E+0000 2.44493926594150E+0001
 7.67433044179779E+0000 2.23368568847072E+0001
 7.68354332348099E+0000 2.52270222601946E+0001
 7.69275620516419E+0000 2.43501135272963E+0001
 7.70196908684738E+0000 2.11355633250496E+0001
 7.71118196853058E+0000 2.61934212154592E+0001
 7.72039485021378E+0000 2.32995348093973E+0001
 7.72960773189698E+0000 2.36735983145772E+0001
 7.73882061358017E+0000 2.06397764262219E+0001
 7.74803349526337E+0000 2.21593768528837E+0001
 7.75724637694657E+0000 2.25641343466996E+0001
 7.76645925862977E+0000 2.03870815660048E+0001
 7.77567214031296E+0000 2.29429119029955E+0001
 7.78488502199616E+0000 2.73394401361002E+0001
 7.79409790367936E+0000 2.44767802435090E+0001
 7.80331078536256E+0000 2.58133807117119E+0001
 7.81252366704575E+0000 2.70746991370688E+0001
 7.82173654872895E+0000 2.68719467623159E+0001
 7.83094943041215E+0000 2.72775169038214E+0001
 7.84016231209534E+0000 2.35424962558609E+0001
 7.84937519377854E+0000 2.30660320976458E+0001
 7.85858807546174E+0000 2.44737981880025E+0001
 7.86780095714494E+0000 2.41177073541912E+0001
 7.87701383882813E+0000 2.29061731831753E+0001
 7.88622672051133E+0000 2.22083029893111E+0001
 7.89543960219453E+0000 2.20388129388157E+0001
 7.90465248387773E+0000 2.19015963620041E+0001
 7.91386536556092E+0000 2.44199100996484E+0001
 7.92307824724412E+0000 2.21400659969950E+0001
 7.93229112892732E+0000 2.52014409337426E+0001
 7.94150401061052E+0000 2.24178516195680E+0001
 7.95071689229371E+0000 2.68680378295539E+0001
 7.95992977397691E+0000 2.70828970346483E+0001
 7.96914265566011E+0000 2.71159658501274E+0001
 7.97835553734330E+0000 2.39054668102763E+0001
 7.98756841902650E+0000 2.24038236703782E+0001
 7.99678130070970E+0000 2.68844158005959E+0001
 8.00599418238562E+0000 2.23732997954939E+0001
 8.01520706406154E+0000 2.71830683009175E+0001
 8.02441994573746E+0000 2.09620889291400E+0001
 8.03363282741338E+0000 2.26049543239351E+0001
 8.04284570908931E+0000 2.70168894585222E+0001
 8.05205859076523E+0000 2.66954242904321E+0001
 8.06127147244115E+0000 2.19395318349125E+0001
 8.07048435411707E+0000 2.21815874704043E+0001
 8.07969723579299E+0000 2.71304733866418E+0001
 8.08891011746891E+0000 2.60785846053623E+0001
 8.09812299914483E+0000 2.66542350947275E+0001
 8.10733588082076E+0000 2.28196140482614E+0001
 8.11654876249668E+0000 2.23045502493333E+0001
 8.12576164417260E+0000 2.11523290020123E+0001
 8.13497452584852E+0000 2.80823360753129E+0001
 8.14418740752444E+0000 2.15940111601667E+0001
 8.15340028920036E+0000 2.51072143227793E+0001
 8.16261317087628E+0000 2.69020428399090E+0001
 8.17182605255221E+0000 2.58572877191764E+0001
 8.18103893422813E+0000 2.78779181347636E+0001
 8.19025181590405E+0000 2.21452635864844E+0001
 8.19946469757997E+0000 2.24227648077940E+0001
 8.20867757925589E+0000 2.46665699571895E+0001
 8.21789046093181E+0000 2.33869176056178E+0001
 8.22710334260773E+0000 2.30090220646525E+0001
 8.23631622428366E+0000 2.42846722379909E+0001
 8.24552910595958E+0000 2.75863994467945E+0001
 8.25474198763550E+0000 2.35705805492471E+0001
 8.26395486931142E+0000 2.67224384902511E+0001
 8.27316775098734E+0000 2.63784857898427E+0001
 8.28238063266326E+0000 2.21030340658035E+0001
 8.29159351433918E+0000 2.17612657040881E+0001
 8.30080639601510E+0000 2.51011248107534E+0001
 8.31001927769103E+0000 2.16793871339469E+0001
 8.31923215936695E+0000 2.50410490805225E+0001
 8.32844504104287E+0000 2.41983694563678E+0001
 8.33765792271879E+0000 2.18007759726897E+0001
 8.34687080439471E+0000 2.21541055077105E+0001
 8.35608368607063E+0000 2.41324180842494E+0001
 8.36529656774655E+0000 2.36196483706590E+0001
 8.37450944942248E+0000 2.79280126079684E+0001
 8.38372233109840E+0000 2.54162089049350E+0001
 8.39293521277432E+0000 2.68370408591290E+0001
 8.40214809445024E+0000 2.80413410946494E+0001
 8.41136097612616E+0000 2.57463879364368E+0001
 8.42057385780208E+0000 2.59303513614577E+0001
 8.42978673947800E+0000 2.45947811793885E+0001
 8.43899962115393E+0000 2.28896423267433E+0001
 8.44821250282985E+0000 2.57858782096882E+0001
 8.45742538450577E+0000 2.32424674333015E+0001
 8.46663826618169E+0000 2.24786429689557E+0001
 8.47585114785761E+0000 2.66997074106184E+0001
 8.48506402953353E+0000 2.30546171185561E+0001
 8.49427691120945E+0000 2.77660511485883E+0001
 8.50348979288538E+0000 2.69618617855303E+0001
 8.51270267456130E+0000 2.44197389887413E+0001
 8.52191555623722E+0000 2.31233236741100E+0001
 8.53112843791314E+0000 2.58191335571464E+0001
 8.54034131958906E+0000 2.36111351148866E+0001
 8.54955420126498E+0000 2.53722354718193E+0001
 8.55876708294090E+0000 2.36287621114170E+0001
 8.56797996461682E+0000 2.32007847825298E+0001
 8.57719284629275E+0000 2.43181707125914E+0001
 8.58640572796867E+0000 2.31805077119498E+0001
 8.59561860964459E+0000 2.49465409349359E+0001
 8.60483149132051E+0000 2.27733833559614E+0001
 8.61404437299643E+0000 2.65380051025422E+0001
 8.62325725467235E+0000 2.38850357819465E+0001
 8.63247013634827E+0000 2.46941153547668E+0001
 8.64168301802420E+0000 2.29454965031473E+0001
 8.65089589970012E+0000 2.34791695384192E+0001
 8.66010878137604E+0000 2.24065635689185E+0001
 8.66932166305196E+0000 2.53214337695972E+0001
 8.67853454472788E+0000 2.53947652709612E+0001
 8.68774742640380E+0000 2.48683881308534E+0001
 8.69696030807972E+0000 2.64855784073297E+0001
 8.70617318975565E+0000 2.35375723520992E+0001
 8.71538607143157E+0000 2.57075125237752E+0001
 8.72459895310749E+0000 2.28875272680016E+0001
 8.73381183478341E+0000 2.58280737859895E+0001
 8.74302471645933E+0000 2.28193234437204E+0001
 8.75223759813525E+0000 2.52558862469450E+0001
 8.76145047981117E+0000 2.54919918339292E+0001
 8.77066336148710E+0000 2.67755765279289E+0001
 8.77987624316302E+0000 2.57151926062943E+0001
 8.78908912483894E+0000 2.56096981865994E+0001
 8.79830200651486E+0000 2.66382106718083E+0001
 8.80751488819078E+0000 2.59578566754644E+0001
 8.81672776986670E+0000 2.55797991741856E+0001
 8.82594065154262E+0000 2.61649866937369E+0001
 8.83515353321854E+0000 2.36428257256921E+0001
 8.84436641489447E+0000 2.52537327017053E+0001
 8.85357929657039E+0000 2.45599069427699E+0001
 8.86279217824631E+0000 2.66141060607624E+0001
 8.87200505992223E+0000 2.65068289343035E+0001
 8.88121794159815E+0000 2.31840510268521E+0001
 8.89043082327407E+0000 2.54643701541936E+0001
 8.89964370494999E+0000 2.67470658971579E+0001
 8.90885658662592E+0000 2.53607512197632E+0001
 8.91806946830184E+0000 2.51927745154826E+0001
 8.92728234997776E+0000 2.61940197645163E+0001
 8.93649523165368E+0000 2.46198599972704E+0001
 8.94570811332960E+0000 2.63908403776295E+0001
 8.95492099500552E+0000 2.37736325402802E+0001
 8.96413387668144E+0000 2.60324118934222E+0001
 8.97334675835737E+0000 2.55176121072727E+0001
 8.98255964003329E+0000 2.49562692121544E+0001
 8.99177252170921E+0000 2.59086907232413E+0001
 9.00098540338513E+0000 2.49718490065425E+0001
 9.01019828506105E+0000 2.45472897555155E+0001
 9.01941116673697E+0000 2.62153022281127E+0001
 9.02862404841289E+0000 2.53080530667212E+0001
 9.03783693008882E+0000 2.51671438829508E+0001
 9.04704981176474E+0000 2.56014811186469E+0001
 9.05626269344066E+0000 2.59079747343203E+0001
 9.06547557511658E+0000 2.57084795281990E+0001
 9.07468845679250E+0000 2.41186816883855E+0001
 9.08390133846842E+0000 2.59009606621694E+0001
 9.09311422014434E+0000 2.45450914179091E+0001
 9.10232710182026E+0000 2.48934865297924E+0001
 9.11153998349619E+0000 2.45563849709870E+0001
 9.12075286517211E+0000 2.54958801145549E+0001
 9.12996574684803E+0000 2.37084833524132E+0001
 9.13917862852395E+0000 2.46530047141132E+0001
 9.14839151019987E+0000 2.44037843451661E+0001
 9.15760439187579E+0000 2.52888466659933E+0001
 9.16681727355171E+0000 2.36921049234516E+0001
 9.17603015522764E+0000 2.39427981913614E+0001
 9.18524303690356E+0000 2.53441220062668E+0001
 9.19445591857948E+0000 2.53354440971452E+0001
 9.20366880025540E+0000 2.52877424357866E+0001
 9.21288168193132E+0000 2.52214549811615E+0001
 9.22209456360724E+0000 2.43265409352607E+0001
 9.23130744528316E+0000 2.41148991325754E+0001
 9.24052032695909E+0000 2.39938779463409E+0001
 9.24973320863501E+0000 2.48314343922539E+0001
 9.25894609031093E+0000 2.43356209949416E+0001
 9.26815897198685E+0000 2.39415713937487E+0001
 9.27737185366277E+0000 2.45969680856797E+0001
 9.28658473533869E+0000 2.42014396288432E+0001
 9.29579761701461E+0000 2.43478780529113E+0001
 9.30501049869054E+0000 2.41060918061703E+0001
 9.31422338036646E+0000 2.42675338690169E+0001
 9.32343626204238E+0000 2.42738448183227E+0001
 9.33264914371830E+0000 2.41169982616266E+0001
 9.34186202539422E+0000 2.41857823910250E+0001
 9.35107490707014E+0000 2.41359678283334E+0001
 9.36028778874606E+0000 2.42521237245819E+0001
 9.36950067042198E+0000 2.41831532140495E+0001
 9.37871355209791E+0000 2.43969819122867E+0001
 9.38792643377383E+0000 2.42468007203424E+0001
 9.39713931544975E+0000 2.42436619192304E+0001
 9.40635219712567E+0000 2.42829449073179E+0001
 9.41556507880159E+0000 2.42980085689633E+0001
 9.42477796047751E+0000 2.43119449022633E+0001