1024
 0.00000000000000E+0000   0.00000000000000E+0000
 1.95503421309917E-0004   3.53914399999776E+0001
 3.91006842619834E-0004   5.95684899999760E+0001
 5.86510263929974E-0004   6.54621699999552E+0001
 7.82013685239669E-0004   5.24038399999845E+0001
 9.77517106550252E-0004   2.62296199999982E+0001
 1.17302052785995E-0003  -2.94931200000065E+0000
 1.36852394916964E-0003  -2.44801499999885E+0001
 1.56402737047934E-0003  -3.10349799999967E+0001
 1.75953079178903E-0003  -2.12019100000034E+0001
 1.95503421310050E-0003   1.31622999999990E-0001
 2.15053763441020E-0003   2.37230200000049E+0001
 2.34604105571989E-0003   3.95135700000101E+0001
 2.54154447702959E-0003   4.04505299999728E+0001
 2.73704789833928E-0003   2.51828899999964E+0001
 2.93255131964898E-0003  -1.35971699999936E+0000
 3.12805474095867E-0003  -2.97167400000035E+0001
 3.32355816226837E-0003  -4.93331299999845E+0001
 3.51906158357806E-0003  -5.24244499999913E+0001
 3.71456500488776E-0003  -3.68581499999855E+0001
 3.91006842620101E-0003  -6.99930999999924E+0000
 4.10557184751070E-0003   2.77869000000064E+0001
 4.30107526882040E-0003   5.64307000000263E+0001
 4.49657869013009E-0003   7.00543400000315E+0001
 4.69208211143979E-0003   6.50601000000024E+0001
 4.88758553274948E-0003   4.43001100000110E+0001
 5.08308895405918E-0003   1.59213199999940E+0001
 5.27859237536887E-0003  -9.67457400000421E+0000
 5.47409579667857E-0003  -2.36348099999886E+0001
 5.66959921798826E-0003  -2.18324399999983E+0001
 5.86510263929796E-0003  -6.26509999999689E+0000
 6.06060606060765E-0003   1.58180100000027E+0001
 6.25610948191735E-0003   3.47210799999884E+0001
 6.45161290322704E-0003   4.19937299999874E+0001
 6.64711632453674E-0003   3.36460799999768E+0001
 6.84261974584643E-0003   1.17038199999952E+0001
 7.03812316715613E-0003  -1.64674400000076E+0001
 7.23362658846582E-0003  -4.08197899999795E+0001
 7.42913000977552E-0003  -5.22890999999945E+0001
 7.62463343108521E-0003  -4.61286700000055E+0001
 7.82013685240202E-0003  -2.36928799999878E+0001
 8.01564027371171E-0003   7.97899699999834E+0000
 8.21114369502141E-0003   3.86277099999716E+0001
 8.40664711633110E-0003   5.83903399999836E+0001
 8.60215053764080E-0003   6.12578199999989E+0001
 8.79765395895049E-0003   4.71260500000208E+0001
 8.99315738026019E-0003   2.17107200000028E+0001
 9.18866080156988E-0003  -5.62418500000058E+0000
 9.38416422287958E-0003  -2.53172499999928E+0001
 9.57966764418927E-0003  -3.10735799999966E+0001
 9.77517106549897E-0003  -2.20811199999880E+0001
 9.97067448680866E-0003  -3.18285399999877E+0000
 1.01661779081184E-0002   1.70388699999894E+0001
 1.03616813294281E-0002   2.95461399999913E+0001
 1.05571847507377E-0002   2.82807000000030E+0001
 1.07526881720474E-0002   1.24843399999954E+0001
 1.09481915933571E-0002  -1.29478700000036E+0001
 1.11436950146668E-0002  -3.92106400000048E+0001
 1.13391984359765E-0002  -5.67883900000015E+0001
 1.15347018572862E-0002  -5.89408200000180E+0001
 1.17302052785959E-0002  -4.42003600000171E+0001
 1.19257086999056E-0002  -1.69702800000086E+0001
 1.21212121212153E-0002   1.39943800000037E+0001
 1.23167155425250E-0002   3.86697000000277E+0001
 1.25122189638347E-0002   4.92905700000119E+0001
 1.27077223851444E-0002   4.30471200000029E+0001
 1.29032258064541E-0002   2.29820400000026E+0001
 1.30987292277638E-0002  -3.22019100000034E+0000
 1.32942326490735E-0002  -2.60941699999967E+0001
 1.34897360703832E-0002  -3.78500399999903E+0001
 1.36852394916929E-0002  -3.51629199999734E+0001
 1.38807429130026E-0002  -2.02854299999890E+0001
 1.40762463343123E-0002  -9.28561800000125E-0002
 1.42717497556220E-0002   1.65708900000027E+0001
 1.44672531769316E-0002   2.22590900000068E+0001
 1.46627565982413E-0002   1.37566899999947E+0001
 1.48582600195510E-0002  -6.65933599999698E+0000
 1.50537634408607E-0002  -3.19960399999982E+0001
 1.52492668621704E-0002  -5.30716399999801E+0001
 1.54447702834801E-0002  -6.18681799999904E+0001
 1.56402737048040E-0002  -5.44833600000129E+0001
 1.58357771261137E-0002  -3.26042299999972E+0001
 1.60312805474234E-0002  -2.96466199999850E+0000
 1.62267839687331E-0002   2.50145600000105E+0001
 1.64222873900428E-0002   4.25456899999990E+0001
 1.66177908113525E-0002   4.45506000000169E+0001
 1.68132942326622E-0002   3.13848899999866E+0001
 1.70087976539719E-0002   8.59734599999501E+0000
 1.72043010752816E-0002  -1.51705899999943E+0001
 1.73998044965913E-0002  -3.13657999999996E+0001
 1.75953079179010E-0002  -3.46187200000277E+0001
 1.77908113392107E-0002  -2.46268700000073E+0001
 1.79863147605204E-0002  -6.15127400000347E+0000
 1.81818181818301E-0002   1.28554699999950E+0001
 1.83773216031398E-0002   2.42875099999947E+0001
 1.85728250244495E-0002   2.29653099999996E+0001
 1.87683284457592E-0002   8.62187499999709E+0000
 1.89638318670688E-0002  -1.39341200000054E+0001
 1.91593352883785E-0002  -3.65373600000166E+0001
 1.93548387096882E-0002  -5.06367600000231E+0001
 1.95503421309979E-0002  -5.04310100000002E+0001
 1.97458455523076E-0002  -3.50228999999817E+0001
 1.99413489736173E-0002  -8.80658699999913E+0000
 2.01368523949270E-0002   2.00530900000012E+0001
 2.03323558162367E-0002   4.24956699999748E+0001
 2.05278592375464E-0002   5.17510299999849E+0001
 2.07233626588561E-0002   4.56841600000043E+0001
 2.09188660801658E-0002   2.74584200000099E+0001
 2.11143695014755E-0002   4.29146800000308E+0000
 2.13098729227852E-0002  -1.52272399999929E+0001
 2.15053763440949E-0002  -2.42698899999959E+0001
 2.17008797654046E-0002  -2.02105900000024E+0001
 2.18963831867143E-0002  -5.48987199999829E+0000
 2.20918866080240E-0002   1.33973399999959E+0001
 2.22873900293337E-0002   2.84031900000118E+0001
 2.24828934506434E-0002   3.29877499999711E+0001
 2.26783968719531E-0002   2.46093999999866E+0001
 2.28739002932628E-0002   5.72864700000355E+0000
 2.30694037145724E-0002  -1.70425999999861E+0001
 2.32649071358821E-0002  -3.53338000000222E+0001
 2.34604105571918E-0002  -4.20742200000095E+0001
 2.36559139785015E-0002  -3.40987399999867E+0001
 2.38514173998112E-0002  -1.33495499999990E+0001
 2.40469208211209E-0002   1.37641100000037E+0001
 2.42424242424306E-0002   3.86148599999724E+0001
 2.44379276637403E-0002   5.33971899999888E+0001
 2.46334310850500E-0002   5.38573200000101E+0001
 2.48289345063597E-0002   4.07292899999884E+0001
 2.50244379276694E-0002   1.93687999999966E+0001
 2.52199413489791E-0002  -2.26638200000161E+0000
 2.54154447702888E-0002  -1.65411599999934E+0001
 2.56109481915985E-0002  -1.89012700000021E+0001
 2.58064516129082E-0002  -9.46244699999806E+0000
 2.60019550342179E-0002   7.13814399999683E+0000
 2.61974584555276E-0002   2.35577599999961E+0001
 2.63929618768373E-0002   3.25515800000285E+0001
 2.65884652981470E-0002   2.97261899999867E+0001
 2.67839687194567E-0002   1.52288799999951E+0001
 2.69794721407663E-0002  -6.24776600000041E+0000
 2.71749755620760E-0002  -2.71468999999925E+0001
 2.73704789833857E-0002  -3.97979199999827E+0001
 2.75659824046954E-0002  -3.92299500000081E+0001
 2.77614858260051E-0002  -2.50202700000082E+0001
 2.79569892473148E-0002  -1.50354499999958E+0000
 2.81524926686245E-0002   2.37341700000106E+0001
 2.83479960899342E-0002   4.25285199999926E+0001
 2.85434995112439E-0002   4.90071599999792E+0001
 2.87390029325536E-0002   4.16197399999946E+0001
 2.89345063538633E-0002   2.36008199999924E+0001
 2.91300097751730E-0002   1.71182500000032E+0000
 2.93255131964827E-0002  -1.62661000000080E+0001
 2.95210166177924E-0002  -2.43657499999972E+0001
 2.97165200391021E-0002  -2.05602200000139E+0001
 2.99120234604118E-0002  -7.41380400000344E+0000
 3.01075268817215E-0002   8.96652600000380E+0000
 3.03030303030312E-0002   2.12799999999988E+0001
 3.04985337243409E-0002   2.38088700000080E+0001
 3.06940371456506E-0002   1.45983700000070E+0001
 3.08895405669602E-0002  -3.76173600000038E+0000
 3.10850439882699E-0002  -2.50405899999896E+0001
 3.12805474096081E-0002  -4.16228099999717E+0001
 3.14760508309178E-0002  -4.72913900000276E+0001
 3.16715542522275E-0002  -3.95212099999771E+0001
 3.18670576735371E-0002  -2.04431399999885E+0001
 3.20625610948468E-0002   3.87028300000020E+0000
 3.22580645161565E-0002   2.55381599999964E+0001
 3.24535679374662E-0002   3.76482800000231E+0001
 3.26490713587759E-0002   3.66720300000161E+0001
 3.28445747800856E-0002   2.36476400000101E+0001
 3.30400782013953E-0002   3.71434900000168E+0000
 3.32355816227050E-0002  -1.58190699999977E+0001
 3.34310850440147E-0002  -2.81565100000007E+0001
 3.36265884653244E-0002  -2.94655299999868E+0001
 3.38220918866341E-0002  -2.02067000000097E+0001
 3.40175953079438E-0002  -4.86711099999957E+0000
 3.42130987292535E-0002   9.78995700000087E+0000
 3.44086021505632E-0002   1.73050400000066E+0001
 3.46041055718729E-0002   1.39777199999953E+0001
 3.47996089931826E-0002   2.92957600000136E-0001
 3.49951124144923E-0002  -1.92051400000055E+0001
 3.51906158358020E-0002  -3.75452999999980E+0001
 3.53861192571117E-0002  -4.78685599999735E+0001
 3.55816226784214E-0002  -4.59462400000193E+0001
 3.57771260997310E-0002  -3.17563000000082E+0001
 3.59726295210407E-0002  -9.54347600000619E+0000
 3.61681329423504E-0002   1.36587600000057E+0001
 3.63636363636601E-0002   3.05064600000042E+0001
 3.65591397849698E-0002   3.59246699999785E+0001
 3.67546432062795E-0002   2.88562699999893E+0001
 3.69501466275892E-0002   1.25548899999994E+0001
 3.71456500488989E-0002  -6.67154699999810E+0000
 3.73411534702086E-0002  -2.17964600000123E+0001
 3.75366568915183E-0002  -2.76309900000051E+0001
 3.77321603128280E-0002  -2.26688800000120E+0001
 3.79276637341377E-0002  -9.55415700000594E+0000
 3.81231671554474E-0002   5.98626499999955E+0000
 3.83186705767571E-0002   1.73407299999963E+0001
 3.85141739980668E-0002   1.95258099999919E+0001
 3.87096774193765E-0002   1.10870399999985E+0001
 3.89051808406862E-0002  -5.31130600000324E+0000
 3.91006842619959E-0002  -2.38234600000142E+0001
 3.92961876833056E-0002  -3.75424099999946E+0001
 3.94916911046153E-0002  -4.10268400000059E+0001
 3.96871945259250E-0002  -3.23108600000269E+0001
 3.98826979472346E-0002  -1.36631699999998E+0001
 4.00782013685443E-0002   9.18115600000601E+0000
 4.02737047898540E-0002   2.90361200000043E+0001
 4.04692082111637E-0002   3.97954799999716E+0001
 4.06647116324734E-0002   3.85622999999905E+0001
 4.08602150537831E-0002   2.66112000000139E+0001
 4.10557184750928E-0002   8.84518999999273E+0000
 4.12512218964025E-0002  -8.04248099999677E+0000
 4.14467253177122E-0002  -1.80221099999908E+0001
 4.16422287390219E-0002  -1.78990200000117E+0001
 4.18377321603316E-0002  -8.41464600000472E+0000
 4.20332355816413E-0002   6.11446900000010E+0000
 4.22287390029510E-0002   1.94743099999905E+0001
 4.24242424242607E-0002   2.59215700000059E+0001
 4.26197458455704E-0002   2.23667800000112E+0001
 4.28152492668801E-0002   9.56850900000427E+0000
 4.30107526881898E-0002  -8.09945599999628E+0000
 4.32062561094995E-0002  -2.42223400000075E+0001
 4.34017595308092E-0002  -3.26828899999964E+0001
 4.35972629521189E-0002  -2.99087500000023E+0001
 4.37927663734285E-0002  -1.62078099999926E+0001
 4.39882697947382E-0002   4.29550200000085E+0000
 4.41837732160479E-0002   2.50994599999976E+0001
 4.43792766373576E-0002   3.96163199999719E+0001
 4.45747800586673E-0002   4.34846200000029E+0001
 4.47702834799770E-0002   3.60675700000138E+0001
 4.49657869012867E-0002   2.06025899999950E+0001
 4.51612903225964E-0002   2.95964299999832E+0000
 4.53567937439061E-0002  -1.05282799999986E+0001
 4.55522971652158E-0002  -1.53656500000070E+0001
 4.57478005865255E-0002  -1.04875000000029E+0001
 4.59433040078352E-0002   1.42885299999944E+0000
 4.61388074291449E-0002   1.50354499999958E+0001
 4.63343108504546E-0002   2.43640599999926E+0001
 4.65298142717643E-0002   2.50947699999961E+0001
 4.67253176930740E-0002   1.62061800000083E+0001
 4.69208211143837E-0002   4.00656499999968E-0001
 4.71163245356934E-0002  -1.68509499999927E+0001
 4.73118279570031E-0002  -2.92946499999962E+0001
 4.75073313783128E-0002  -3.21819099999848E+0001
 4.77028347996225E-0002  -2.40248300000094E+0001
 4.78983382209321E-0002  -7.17747399999644E+0000
 4.80938416422418E-0002   1.29684500000003E+0001
 4.82893450635515E-0002   2.98805200000061E+0001
 4.84848484848612E-0002   3.81862400000100E+0001
 4.86803519061709E-0002   3.55446399999782E+0001
 4.88758553274806E-0002   2.34159499999951E+0001
 4.90713587487903E-0002   6.46053599999868E+0000
 4.92668621701000E-0002  -9.20287700000335E+0000
 4.94623655914097E-0002  -1.82364799999923E+0001
 4.96578690127194E-0002  -1.80013399999880E+0001
 4.98533724340291E-0002  -9.45844099999522E+0000
 5.00488758553388E-0002   3.26628999999957E+0000
 5.02443792766485E-0002   1.44818700000033E+0001
 5.04398826979582E-0002   1.91005500000028E+0001
 5.06353861192679E-0002   1.45731200000009E+0001
 5.08308895405776E-0002   1.87909100000070E+0000
 5.10263929618873E-0002  -1.47918400000053E+0001
 5.12218963831970E-0002  -2.95495799999917E+0001
 5.14173998045067E-0002  -3.69516300000250E+0001
 5.16129032258164E-0002  -3.40034299999825E+0001
 5.18084066471260E-0002  -2.12805600000138E+0001
 5.20039100684357E-0002  -2.76369400000112E+0000
 5.21994134897454E-0002   1.55535499999969E+0001
 5.23949169110551E-0002   2.77773600000073E+0001
 5.25904203323648E-0002   3.01811400000006E+0001
 5.27859237536745E-0002   2.24814499999920E+0001
 5.29814271749842E-0002   7.86770799999795E+0000
 5.31769305962939E-0002  -8.21410800000012E+0000
 5.33724340176036E-0002  -2.00708600000071E+0001
 5.35679374389133E-0002  -2.38272899999865E+0001
 5.37634408602230E-0002  -1.87945699999982E+0001
 5.39589442815327E-0002  -7.65000400000281E+0000
 5.41544477028424E-0002   4.62667399999918E+0000
 5.43499511241521E-0002   1.26599799999967E+0001
 5.45454545454618E-0002   1.27215900000010E+0001
 5.47409579667715E-0002   4.15626199999679E+0000
 5.49364613880812E-0002  -1.03331100000069E+0001
 5.51319648093909E-0002  -2.56456100000069E+0001
 5.53274682307006E-0002  -3.61352700000280E+0001
 5.55229716520103E-0002  -3.76787500000210E+0001
 5.57184750733200E-0002  -2.92019100000034E+0001
 5.59139784946296E-0002  -1.31081899999990E+0001
 5.61094819159393E-0002   5.54701999999816E+0000
 5.63049853372490E-0002   2.08354999999865E+0001
 5.65004887585587E-0002   2.80426800000132E+0001
 5.66959921798684E-0002   2.53066699999908E+0001
 5.68914956011781E-0002   1.42210599999962E+0001
 5.70869990224878E-0002  -8.07654999999613E-0001
 5.72825024437975E-0002  -1.42037500000006E+0001
 5.74780058651072E-0002  -2.12608499999915E+0001
 5.76735092864169E-0002  -1.98303899999883E+0001
 5.78690127077266E-0002  -1.10481200000067E+0001
 5.80645161290363E-0002   1.15733499999988E+0000
 5.82600195503460E-0002   1.15831699999981E+0001
 5.84555229716557E-0002   1.57327200000000E+0001
 5.86510263929654E-0002   1.15259499999956E+0001
 5.88465298142751E-0002   1.10555200000022E-0001
 5.90420332355848E-0002  -1.45237499999930E+0001
 5.92375366568945E-0002  -2.69859599999909E+0001
 5.94330400782042E-0002  -3.24517099999939E+0001
 5.96285434995139E-0002  -2.84386600000144E+0001
 5.98240469208235E-0002  -1.57409900000057E+0001
 6.00195503421332E-0002   1.81775899999957E+0000
 6.02150537634429E-0002   1.87230700000073E+0001
 6.04105571847526E-0002   2.97126899999857E+0001
 6.06060606060623E-0002   3.16201099999889E+0001
 6.08015640273720E-0002   2.44535299999989E+0001
 6.09970674486817E-0002   1.13263900000020E+0001
 6.11925708699914E-0002  -2.72503100000176E+0000
 6.13880742913011E-0002  -1.25976499999961E+0001
 6.15835777126108E-0002  -1.49704800000036E+0001
 6.17790811339205E-0002  -9.47337399999378E+0000
 6.19745845552302E-0002   1.24396499999966E+0000
 6.21700879765399E-0002   1.25578999999998E+0001
 6.23655913978496E-0002   1.96387099999993E+0001
 6.25610948192161E-0002   1.92856200000097E+0001
 6.27565982405258E-0002   1.11525399999955E+0001
 6.29521016618355E-0002  -2.08558500000072E+0000
 6.31476050831452E-0002  -1.56867300000013E+0001
 6.33431085044549E-0002  -2.45659600000072E+0001
 6.35386119257646E-0002  -2.51588800000027E+0001
 6.37341153470743E-0002  -1.67434099999955E+0001
 6.39296187683840E-0002  -1.73746899999969E+0000
 6.41251221896937E-0002   1.51355599999952E+0001
 6.43206256110034E-0002   2.85098899999866E+0001
 6.45161290323131E-0002   3.42651300000143E+0001
 6.47116324536228E-0002   3.09560599999968E+0001
 6.49071358749325E-0002   2.02713100000110E+0001
 6.51026392962422E-0002   6.36353200000303E+0000
 6.52981427175519E-0002  -5.69603500000085E+0000
 6.54936461388615E-0002  -1.17689300000056E+0001
 6.56891495601712E-0002  -1.01307200000010E+0001
 6.58846529814809E-0002  -2.04588599999988E+0000
 6.60801564027906E-0002   8.76500200000010E+0000
 6.62756598241003E-0002   1.75607899999886E+0001
 6.64711632454100E-0002   2.03839999999909E+0001
 6.66666666667197E-0002   1.55675599999959E+0001
 6.68621700880294E-0002   4.38960799999768E+0000
 6.70576735093391E-0002  -9.36361099999340E+0000
 6.72531769306488E-0002  -2.07662600000040E+0001
 6.74486803519585E-0002  -2.55515099999902E+0001
 6.76441837732682E-0002  -2.16824299999862E+0001
 6.78396871945779E-0002  -1.01216799999966E+0001
 6.80351906158876E-0002   5.48059600000124E+0000
 6.82306940371973E-0002   2.00668799999985E+0001
 6.84261974585070E-0002   2.89549500000139E+0001
 6.86217008798167E-0002   2.94771699999983E+0001
 6.88172043011264E-0002   2.18854700000084E+0001
 6.90127077224361E-0002   9.20091200000024E+0000
 6.92082111437458E-0002  -3.92828599999848E+0000
 6.94037145650555E-0002  -1.29365700000053E+0001
 6.95992179863651E-0002  -1.49920399999974E+0001
 6.97947214076748E-0002  -9.98802499999874E+0000
 6.99902248289845E-0002  -5.20042799999828E-0001
 7.01857282502942E-0002   9.13425899999856E+0000
 7.03812316716039E-0002   1.46496800000023E+0001
 7.05767350929136E-0002   1.32974300000060E+0001
 7.07722385142233E-0002   4.99277799999982E+0000
 7.09677419355330E-0002  -7.63847800000076E+0000
 7.11632453568427E-0002  -2.01986500000057E+0001
 7.13587487781524E-0002  -2.81178800000052E+0001
 7.15542521994621E-0002  -2.83293600000034E+0001
 7.17497556207718E-0002  -2.04080900000117E+0001
 7.19452590420815E-0002  -6.75757600000361E+0000
 7.21407624633912E-0002   8.22322600000189E+0000
 7.23362658847009E-0002   1.96896699999925E+0001
 7.25317693060106E-0002   2.40552800000005E+0001
 7.27272727273203E-0002   2.02337899999984E+0001
 7.29227761486300E-0002   9.97417099999439E+0000
 7.31182795699397E-0002  -2.82472300000154E+0000
 7.33137829912494E-0002  -1.35619699999952E+0001
 7.35092864125590E-0002  -1.86119999999937E+0001
 7.37047898338687E-0002  -1.66191300000064E+0001
 7.39002932551784E-0002  -8.94129800000519E+0000
 7.40957966764881E-0002   9.11165399999845E-0001
 7.42913000977978E-0002   8.62723800000094E+0000
 7.44868035191075E-0002   1.07350299999962E+0001
 7.46823069404172E-0002   5.92437300000165E+0000
 7.48778103617269E-0002  -4.43420599999808E+0000
 7.50733137830366E-0002  -1.67644499999878E+0001
 7.52688172043463E-0002  -2.65787899999996E+0001
 7.54643206256560E-0002  -3.01180799999856E+0001
 7.56598240469657E-0002  -2.57372599999944E+0001
 7.58553274682754E-0002  -1.45308199999999E+0001
 7.60508308895851E-0002   2.97095599999864E-0002
 7.62463343108948E-0002   1.33140899999999E+0001
 7.64418377322045E-0002   2.11648400000122E+0001
 7.66373411535142E-0002   2.13507300000056E+0001
 7.68328445748239E-0002   1.43187000000034E+0001
 7.70283479961336E-0002   2.97818299999926E+0000
 7.72238514174433E-0002  -8.39532999999938E+0000
 7.74193548387530E-0002  -1.57313500000018E+0001
 7.76148582600626E-0002  -1.66345699999947E+0001
 7.78103616813723E-0002  -1.12198700000008E+0001
 7.80058651026820E-0002  -2.01348199999848E+0000
 7.82013685239917E-0002   7.03485599999840E+0000
 7.83968719453014E-0002   1.20591500000010E+0001
 7.85923753666111E-0002   1.07460799999972E+0001
 7.87878787879208E-0002   3.22452899999917E+0000
 7.89833822092305E-0002  -7.95095399999991E+0000
 7.91788856305402E-0002  -1.87163500000024E+0001
 7.93743890518499E-0002  -2.49781399999920E+0001
 7.95698924731596E-0002  -2.41155499999877E+0001
 7.97653958944693E-0002  -1.59561600000015E+0001
 7.99608993157790E-0002  -2.86906699999963E+0000
 8.01564027370887E-0002   1.10582100000029E+0001
 8.03519061583984E-0002   2.14595700000064E+0001
 8.05474095797081E-0002   2.52244899999932E+0001
 8.07429130010178E-0002   2.15720100000035E+0001
 8.09384164223275E-0002   1.22802200000006E+0001
 8.11339198436372E-0002   9.95494400000098E-0001
 8.13294232649469E-0002  -8.11957900000561E+0000
 8.15249266862565E-0002  -1.19021999999968E+0001
 8.17204301075662E-0002  -9.31624800000282E+0000
 8.19159335288759E-0002  -1.78303699999924E+0000
 8.21114369501856E-0002   7.39732299999741E+0000
 8.23069403714953E-0002   1.43141299999988E+0001
 8.25024437928050E-0002   1.59328099999984E+0001
 8.26979472141147E-0002   1.12516400000022E+0001
 8.28934506354244E-0002   1.70298899999943E+0000
 8.30889540567341E-0002  -9.34777900000336E+0000
 8.32844574780438E-0002  -1.78218599999964E+0001
 8.34799608993535E-0002  -2.04184400000086E+0001
 8.36754643206632E-0002  -1.58326600000000E+0001
 8.38709677419729E-0002  -5.25558399999863E+0000
 8.40664711632826E-0002   8.02609100000700E+0000
 8.42619745845923E-0002   1.97845899999957E+0001
 8.44574780059020E-0002   2.63404600000067E+0001
 8.46529814272117E-0002   2.58473900000099E+0001
 8.48484848485214E-0002   1.89099299999943E+0001
 8.50439882698311E-0002   8.31630099999893E+0000
 8.52394916911408E-0002  -2.00884900000165E+0000
 8.54349951124505E-0002  -8.44438600000285E+0000
 8.56304985337601E-0002  -8.97817800000485E+0000
 8.58260019550698E-0002  -3.90397899999880E+0000
 8.60215053763795E-0002   4.33871899999940E+0000
 8.62170087976892E-0002   1.21154899999965E+0001
 8.64125122189989E-0002   1.59831799999956E+0001
 8.66080156403086E-0002   1.39988100000046E+0001
 8.68035190616183E-0002   6.46918000000005E+0000
 8.69990224829280E-0002  -4.13404299999820E+0000
 8.71945259042377E-0002  -1.40622399999993E+0001
 8.73900293255474E-0002  -1.96554300000134E+0001
 8.75855327468571E-0002  -1.86857899999886E+0001
 8.77810361681668E-0002  -1.11884500000015E+0001
 8.79765395894765E-0002   5.23622300000170E-0001
 8.81720430107862E-0002   1.26657299999933E+0001
 8.83675464320959E-0002   2.13154199999990E+0001
 8.85630498534056E-0002   2.37902799999865E+0001
 8.87585532747153E-0002   1.95720999999903E+0001
 8.89540566960250E-0002   1.04467000000004E+0001
 8.91495601173347E-0002  -1.83876999999939E-0001
 8.93450635386444E-0002  -8.56016500000260E+0000
 8.95405669599540E-0002  -1.19320199999929E+0001
 8.97360703812637E-0002  -9.53526499999862E+0000
 8.99315738025734E-0002  -2.82582499999990E+0000
 9.01270772238831E-0002   5.10715999999957E+0000
 9.03225806451928E-0002   1.07271500000061E+0001
 9.05180840665025E-0002   1.13948300000047E+0001
 9.07135874878122E-0002   6.37565500000346E+0000
 9.09090909091219E-0002  -2.86028100000112E+0000
 9.11045943304316E-0002  -1.31556100000016E+0001
 9.13000977517413E-0002  -2.08106299999927E+0001
 9.14956011730510E-0002  -2.29364899999928E+0001
 9.16911045943607E-0002  -1.85219600000128E+0001
 9.18866080156704E-0002  -8.82451900000160E+0000
 9.20821114369801E-0002   3.05689500000153E+0000
 9.22776148582898E-0002   1.32715800000005E+0001
 9.24731182795995E-0002   1.85735500000010E+0001
 9.26686217009092E-0002   1.74535800000012E+0001
 9.28641251222189E-0002   1.06396899999963E+0001
 9.30596285435286E-0002   7.90315399999599E-0001
 9.32551319648383E-0002  -8.50122299999930E+0000
 9.34506353861480E-0002  -1.40232499999984E+0001
 9.36461388074576E-0002  -1.41015000000043E+0001
 9.38416422287673E-0002  -9.17468500000541E+0000
 9.40371456500770E-0002  -1.58550099999957E+0000
 9.42326490713867E-0002   5.32955599999696E+0000
 9.44281524926964E-0002   8.51178400000208E+0000
 9.46236559140061E-0002   6.34324799999740E+0000
 9.48191593353158E-0002  -7.27008099999694E-0001
 9.50146627566255E-0002  -1.03233699999982E+0001
 9.52101661779352E-0002  -1.89988700000104E+0001
 9.54056695992449E-0002  -2.34919299999892E+0001
 9.56011730205546E-0002  -2.19246900000144E+0001
 9.57966764418643E-0002  -1.45054200000013E+0001
 9.59921798631740E-0002  -3.47873999999865E+0000
 9.61876832844837E-0002   7.65800999999919E+0000
 9.63831867057934E-0002   1.53872700000065E+0001
 9.65786901271031E-0002   1.74056099999871E+0001
 9.67741935484128E-0002   1.34143199999962E+0001
 9.69696969697225E-0002   5.18404700000247E+0000
 9.71652003910322E-0002  -4.12346300000354E+0000
 9.73607038123419E-0002  -1.11236800000042E+0001
 9.75562072336515E-0002  -1.34385400000028E+0001
 9.77517106549612E-0002  -1.05387000000046E+0001
 9.79472140762709E-0002  -3.89553800000067E+0000
 9.81427174975806E-0002   3.60631500000090E+0000
 9.83382209188903E-0002   8.77423500000441E+0000
 9.85337243402000E-0002   9.32074399999692E+0000
 9.87292277615097E-0002   4.73722200000338E+0000
 9.89247311828194E-0002  -3.49295100000018E+0000
 9.91202346041291E-0002  -1.24198000000033E+0001
 9.93157380254388E-0002  -1.86979200000060E+0001
 9.95112414467485E-0002  -1.98113099999900E+0001
 9.97067448680582E-0002  -1.50040900000022E+0001
 9.99022482893679E-0002  -5.57748900000297E+0000
 1.00097751710678E-0001   5.55499799999961E+0000
 1.00293255131987E-0001   1.48923999999970E+0001
 1.00488758553297E-0001   1.95786800000060E+0001
 1.00684261974607E-0001   1.83968199999945E+0001
 1.00879765395916E-0001   1.21672700000054E+0001
 1.01075268817226E-0001   3.41173200000048E+0000
 1.01270772238536E-0001  -4.58918399999675E+0000
 1.01466275659845E-0001  -8.99669200000062E+0000
 1.01661779081155E-0001  -8.43379999999888E+0000
 1.01857282502465E-0001  -3.45478899999944E+0000
 1.02052785923775E-0001   3.70195700000113E+0000
 1.02248289345084E-0001   9.98086599999806E+0000
 1.02443792766394E-0001   1.26727300000057E+0001
 1.02639296187704E-0001   1.04449699999968E+0001
 1.02834799609013E-0001   3.85931599999822E+0000
 1.03030303030323E-0001  -4.81283999999869E+0000
 1.03225806451633E-0001  -1.24097100000072E+0001
 1.03421309872942E-0001  -1.60326399999904E+0001
 1.03616813294252E-0001  -1.41120300000039E+0001
 1.03812316715562E-0001  -6.99635999999737E+0000
 1.04007820136871E-0001   3.15045900000041E+0000
 1.04203323558181E-0001   1.31058599999960E+0001
 1.04398826979491E-0001   1.97244000000064E+0001
 1.04594330400801E-0001   2.10406200000143E+0001
 1.04789833822110E-0001   1.69412000000011E+0001
 1.04985337243420E-0001   9.16677199999685E+0000
 1.05180840664730E-0001   6.48819699999876E-0001
 1.05376344086039E-0001  -5.57165099999838E+0000
 1.05571847507349E-0001  -7.44685600000230E+0000
 1.05767350928659E-0001  -4.64479399999982E+0000
 1.05962854349968E-0001   1.36818400000084E+0000
 1.06158357771278E-0001   7.90904099999898E+0000
 1.06353861192588E-0001   1.21050799999939E+0001
 1.06549364613898E-0001   1.19857099999936E+0001
 1.06744868035207E-0001   7.23650600000110E+0000
 1.06940371456517E-0001  -6.61547400000018E-0001
 1.07135874877827E-0001  -8.95850900000369E+0000
 1.07331378299136E-0001  -1.46344799999933E+0001
 1.07526881720446E-0001  -1.55055299999949E+0001
 1.07722385141756E-0001  -1.10322900000028E+0001
 1.07917888563065E-0001  -2.53627300000153E+0000
 1.08113391984375E-0001   7.25497799999721E+0000
 1.08308895405685E-0001   1.51681200000021E+0001
 1.08504398826994E-0001   1.87010799999989E+0001
 1.08699902248304E-0001   1.68928099999903E+0001
 1.08895405669614E-0001   1.06333400000003E+0001
 1.09090909090924E-0001   2.30688200000077E+0000
 1.09286412512233E-0001  -5.09665300000052E+0000
 1.09481915933543E-0001  -9.07410600000003E+0000
 1.09677419354853E-0001  -8.50625299999956E+0000
 1.09872922776162E-0001  -4.03475299999991E+0000
 1.10068426197472E-0001   2.21381399999882E+0000
 1.10263929618782E-0001   7.44997999999759E+0000
 1.10459433040091E-0001   9.28344100000686E+0000
 1.10654936461401E-0001   6.63283699999738E+0000
 1.10850439882711E-0001   1.48491899999954E-0001
 1.11045943304021E-0001  -8.00694000000658E+0000
 1.11241446725330E-0001  -1.49392899999948E+0001
 1.11436950146640E-0001  -1.80791000000027E+0001
 1.11632453567950E-0001  -1.61269700000121E+0001
 1.11827956989259E-0001  -9.54279900000256E+0000
 1.12023460410569E-0001  -4.00606900000184E-0001
 1.12218963831879E-0001   8.33812899999612E+0000
 1.12414467253188E-0001   1.38683799999999E+0001
 1.12609970674498E-0001   1.45243699999992E+0001
 1.12805474095808E-0001   1.03467999999993E+0001
 1.13000977517117E-0001   3.03294800000003E+0000
 1.13196480938427E-0001  -4.70694499999809E+0000
 1.13391984359737E-0001  -1.01477900000027E+0001
 1.13587487781047E-0001  -1.15363000000070E+0001
 1.13782991202356E-0001  -8.70718599999964E+0000
 1.13978494623666E-0001  -3.10754200000156E+0000
 1.14173998044976E-0001   2.77378600000156E+0000
 1.14369501466285E-0001   6.35782800000015E+0000
 1.14565004887595E-0001   5.95552299999690E+0000
 1.14760508308905E-0001   1.41503799999919E+0000
 1.14956011730214E-0001  -5.80145400000038E+0000
 1.15151515151524E-0001  -1.31394799999980E+0001
 1.15347018572834E-0001  -1.78811700000078E+0001
 1.15542521994143E-0001  -1.81413100000063E+0001
 1.15738025415453E-0001  -1.35666900000069E+0001
 1.15933528836763E-0001  -5.48342399999819E+0000
 1.16129032258073E-0001   3.56122899999900E+0000
 1.16324535679382E-0001   1.06957799999946E+0001
 1.16520039100692E-0001   1.37345899999927E+0001
 1.16715542522002E-0001   1.19358400000056E+0001
 1.16911045943311E-0001   6.23542599999928E+0000
 1.17106549364621E-0001  -1.12322499999937E+0000
 1.17302052785931E-0001  -7.42373899999802E+0000
 1.17497556207240E-0001  -1.04683400000067E+0001
 1.17693059628550E-0001  -9.36423500000092E+0000
 1.17888563049860E-0001  -4.82020200000261E+0000
 1.18084066471170E-0001   1.15015099999982E+0000
 1.18279569892479E-0001   6.00468199999887E+0000
 1.18475073313789E-0001   7.63975200000277E+0000
 1.18670576735099E-0001   5.19095899999957E+0000
 1.18866080156408E-0001  -6.26978399999643E-0001
 1.19061583577718E-0001  -7.76583799999935E+0000
 1.19257086999028E-0001  -1.35847499999945E+0001
 1.19452590420337E-0001  -1.58149299999932E+0001
 1.19648093841647E-0001  -1.33955200000055E+0001
 1.19843597262957E-0001  -6.87532800000190E+0000
 1.20039100684266E-0001   1.76598899999954E+0000
 1.20234604105576E-0001   9.81199200000265E+0000
 1.20430107526886E-0001   1.47665799999959E+0001
 1.20625610948196E-0001   1.52273299999943E+0001
 1.20821114369505E-0001   1.13602200000023E+0001
 1.21016617790815E-0001   4.80749800000194E+0000
 1.21212121212125E-0001  -1.93287600000076E+0000
 1.21407624633434E-0001  -6.42619500000001E+0000
 1.21603128054744E-0001  -7.18143299999792E+0000
 1.21798631476054E-0001  -4.17306999999710E+0000
 1.21994134897363E-0001   1.18263699999989E+0000
 1.22189638318673E-0001   6.58322400000179E+0000
 1.22385141739983E-0001   9.71927899999719E+0000
 1.22580645161293E-0001   9.15189999999711E+0000
 1.22776148582602E-0001   4.86506699999882E+0000
 1.22971652003912E-0001  -1.70992499999920E+0000
 1.23167155425222E-0001  -8.20676800000365E+0000
 1.23362658846531E-0001  -1.21853299999930E+0001
 1.23558162267841E-0001  -1.20265899999940E+0001
 1.23753665689151E-0001  -7.53429599999799E+0000
 1.23949169110460E-0001  -2.39319700000067E-0002
 1.24144672531770E-0001   8.13345599999593E+0000
 1.24340175953080E-0001   1.43464200000017E+0001
 1.24535679374389E-0001   1.67142400000012E+0001
 1.24731182795699E-0001   1.46846400000068E+0001
 1.24926686217009E-0001   9.22241099999519E+0000
 1.25122189638432E-0001   2.43192400000044E+0000
 1.25317693059742E-0001  -3.22303399999873E+0000
 1.25513196481052E-0001  -5.81878999999753E+0000
 1.25708699902361E-0001  -4.65729000000283E+0000
 1.25904203323671E-0001  -4.93566900000133E-0001
 1.26099706744981E-0001   4.77506500000163E+0000
 1.26295210166290E-0001   8.83929699999862E+0000
 1.26490713587600E-0001   9.85619400000724E+0000
 1.26686217008910E-0001   7.15144899999723E+0000
 1.26881720430220E-0001   1.48725500000000E+0000
 1.27077223851529E-0001  -5.20240400000330E+0000
 1.27272727272839E-0001  -1.05118199999997E+0001
 1.27468230694149E-0001  -1.24426099999982E+0001
 1.27663734115458E-0001  -1.01403200000059E+0001
 1.27859237536768E-0001  -4.21967500000028E+0000
 1.28054740958078E-0001   3.44004599999971E+0000
 1.28250244379387E-0001   1.03549300000013E+0001
 1.28445747800697E-0001   1.43117999999959E+0001
 1.28641251222007E-0001   1.41419800000003E+0001
 1.28836754643316E-0001   1.01146699999954E+0001
 1.29032258064626E-0001   3.81098099999872E+0000
 1.29227761485936E-0001  -2.47112900000138E+0000
 1.29423264907246E-0001  -6.56070599999657E+0000
 1.29618768328555E-0001  -7.19728000000032E+0000
 1.29814271749865E-0001  -4.46934199999669E+0000
 1.30009775171175E-0001   2.48883700000079E-0001
 1.30205278592484E-0001   4.83464300000196E+0000
 1.30400782013794E-0001   7.22688699999708E+0000
 1.30596285435104E-0001   6.20976399999927E+0000
 1.30791788856413E-0001   1.88077999999950E+0000
 1.30987292277723E-0001  -4.36826599999767E+0000
 1.31182795699033E-0001  -1.03504099999991E+0001
 1.31378299120342E-0001  -1.38797499999928E+0001
 1.31573802541652E-0001  -1.35734300000040E+0001
 1.31769305962962E-0001  -9.36635799999931E+0000
 1.31964809384272E-0001  -2.55099699999846E+0000
 1.32160312805581E-0001   4.67230500000005E+0000
 1.32355816226891E-0001   9.97071999999753E+0000
 1.32551319648201E-0001   1.16987899999949E+0001
 1.32746823069510E-0001   9.46646700000565E+0000
 1.32942326490820E-0001   4.25208399999974E+0000
 1.33137829912130E-0001  -1.97667800000090E+0000
 1.33333333333439E-0001  -6.99180899999919E+0000
 1.33528836754749E-0001  -9.11591199999384E+0000
 1.33724340176059E-0001  -7.81923200000165E+0000
 1.33919843597369E-0001  -3.88723699999900E+0000
 1.34115347018678E-0001   8.98434900000211E-0001
 1.34310850439988E-0001   4.44454699999915E+0000
 1.34506353861298E-0001   5.14215700000204E+0000
 1.34701857282607E-0001   2.48017600000094E+0000
 1.34897360703917E-0001  -2.74900899999921E+0000
 1.35092864125227E-0001  -8.72717100000591E+0000
 1.35288367546536E-0001  -1.32692300000053E+0001
 1.35483870967846E-0001  -1.46222899999993E+0001
 1.35679374389156E-0001  -1.21125500000053E+0001
 1.35874877810465E-0001  -6.40405199999805E+0000
 1.36070381231775E-0001   7.25158999999621E-0001
 1.36265884653085E-0001   7.00771399999940E+0000
 1.36461388074395E-0001   1.04856299999956E+0001
 1.36656891495704E-0001   1.01937299999991E+0001
 1.36852394917014E-0001   6.48180000000139E+0000
 1.37047898338324E-0001   8.62084399999731E-0001
 1.37243401759633E-0001  -4.55844000000070E+0000
 1.37438905180943E-0001  -7.85096299999714E+0000
 1.37634408602253E-0001  -7.96005400000286E+0000
 1.37829912023562E-0001  -5.06874000000244E+0000
 1.38025415444872E-0001  -5.03390799999579E-0001
 1.38220918866182E-0001   3.78261199999906E+0000
 1.38416422287492E-0001   5.95356400000310E+0000
 1.38611925708801E-0001   4.98908800000208E+0000
 1.38807429130111E-0001   1.07786599999963E+0000
 1.39002932551421E-0001  -4.43709900000249E+0000
 1.39198435972730E-0001  -9.54143800000020E+0000
 1.39393939394040E-0001  -1.22835999999952E+0001
 1.39589442815350E-0001  -1.14916300000041E+0001
 1.39784946236659E-0001  -7.21075900000142E+0000
 1.39980449657969E-0001  -7.02141300000221E-0001
 1.40175953079279E-0001   5.99665999999706E+0000
 1.40371456500588E-0001   1.07895799999969E+0001
 1.40566959921898E-0001   1.22579100000003E+0001
 1.40762463343208E-0001   1.01484099999943E+0001
 1.40957966764518E-0001   5.43916799999715E+0000
 1.41153470185827E-0001  -3.68731699999785E-0002
 1.41348973607137E-0001  -4.27007199999935E+0000
 1.41544477028447E-0001  -5.80477499999688E+0000
 1.41739980449756E-0001  -4.25613899999735E+0000
 1.41935483871066E-0001  -4.26733799999965E-0001
 1.42130987292376E-0001   4.01591699999699E+0000
 1.42326490713685E-0001   7.17891799999779E+0000
 1.42521994134995E-0001   7.66340199999831E+0000
 1.42717497556305E-0001   5.09838799999852E+0000
 1.42913000977615E-0001   2.92865200000051E-0001
 1.43108504398924E-0001  -5.04958099999931E+0000
 1.43304007820234E-0001  -8.94888799999899E+0000
 1.43499511241544E-0001  -9.87305199999537E+0000
 1.43695014662853E-0001  -7.30422900000121E+0000
 1.43890518084163E-0001  -1.93978799999968E+0000
 1.44086021505473E-0001   4.54491199999757E+0000
 1.44281524926782E-0001   1.00856199999980E+0001
 1.44477028348092E-0001   1.29561600000015E+0001
 1.44672531769402E-0001   1.23700799999933E+0001
 1.44868035190711E-0001   8.74069500000041E+0000
 1.45063538612021E-0001   3.50822300000073E+0000
 1.45259042033331E-0001  -1.39926600000035E+0000
 1.45454545454641E-0001  -4.27209299999959E+0000
 1.45650048875950E-0001  -4.23396900000080E+0000
 1.45845552297260E-0001  -1.54268000000047E+0000
 1.46041055718570E-0001   2.53032099999837E+0000
 1.46236559139879E-0001   6.19352400000207E+0000
 1.46432062561189E-0001   7.81805799999711E+0000
 1.46627565982499E-0001   6.55711600000359E+0000
 1.46823069403808E-0001   2.67407800000001E+0000
 1.47018572825118E-0001  -2.54108600000109E+0000
 1.47214076246428E-0001  -7.23632399999769E+0000
 1.47409579667737E-0001  -9.67272099999536E+0000
 1.47605083089047E-0001  -8.86341499999980E+0000
 1.47800586510357E-0001  -4.94284499999776E+0000
 1.47996089931667E-0001   8.68295399999624E-0001
 1.48191593352976E-0001   6.68958700000076E+0000
 1.48387096774286E-0001   1.06437399999995E+0001
 1.48582600195596E-0001   1.15154000000039E+0001
 1.48778103616905E-0001   9.16811499999312E+0000
 1.48973607038215E-0001   4.57064099999843E+0000
 1.49169110459525E-0001  -5.73383199999626E-0001
 1.49364613880834E-0001  -4.45448700000270E+0000
 1.49560117302144E-0001  -5.81409500000154E+0000
 1.49755620723454E-0001  -4.38969899999938E+0000
 1.49951124144764E-0001  -9.88195599999926E-0001
 1.50146627566073E-0001   2.83594799999992E+0000
 1.50342130987383E-0001   5.37636899999779E+0000
 1.50537634408693E-0001   5.42344600000069E+0000
 1.50733137830002E-0001   2.72673600000053E+0000
 1.50928641251312E-0001  -1.89874000000054E+0000
 1.51124144672622E-0001  -6.86124600000039E+0000
 1.51319648093931E-0001  -1.03701799999981E+0001
 1.51515151515241E-0001  -1.10914900000062E+0001
 1.51710654936551E-0001  -8.64105400000699E+0000
 1.51906158357860E-0001  -3.73606099999961E+0000
 1.52101661779170E-0001   2.05081599999903E+0000
 1.52297165200480E-0001   6.84488199999760E+0000
 1.52492668621790E-0001   9.12952000000223E+0000
 1.52688172043099E-0001   8.27406100000371E+0000
 1.52883675464409E-0001   4.73974799999996E+0000
 1.53079178885719E-0001  -1.07982900000025E-0001
 1.53274682307028E-0001  -4.50924900000246E+0000
 1.53470185728338E-0001  -6.95344800000021E+0000
 1.53665689149648E-0001  -6.72158499999932E+0000
 1.53861192570957E-0001  -4.13063700000203E+0000
 1.54056695992267E-0001  -3.93574900000203E-0001
 1.54252199413577E-0001   2.85025699999824E+0000
 1.54447702834887E-0001   4.15945099999954E+0000
 1.54643206256196E-0001   2.83883799999967E+0000
 1.54838709677506E-0001  -7.90000799999689E-0001
 1.55034213098816E-0001  -5.49525600000197E+0000
 1.55229716520125E-0001  -9.57926600000064E+0000
 1.55425219941435E-0001  -1.14979199999943E+0001
 1.55620723362745E-0001  -1.04285700000037E+0001
 1.55816226784054E-0001  -6.57897100000264E+0000
 1.56011730205364E-0001  -1.12469600000077E+0000
 1.56207233626674E-0001   4.20214300000225E+0000
 1.56402737047983E-0001   7.72334899999987E+0000
 1.56598240469293E-0001   8.40290000000095E+0000
 1.56793743890603E-0001   6.20081699999719E+0000
 1.56989247311913E-0001   2.06661000000167E+0000
 1.57184750733222E-0001  -2.42210100000011E+0000
 1.57380254154532E-0001  -5.64139799999975E+0000
 1.57575757575842E-0001  -6.50983200000337E+0000
 1.57771260997151E-0001  -4.86976899999718E+0000
 1.57966764418461E-0001  -1.52425100000073E+0000
 1.58162267839771E-0001   2.08089699999982E+0000
 1.58357771261080E-0001   4.41019000000233E+0000
 1.58553274682390E-0001   4.42186499999661E+0000
 1.58748778103700E-0001   1.96648099999948E+0000
 1.58944281525010E-0001  -2.14571699999942E+0000
 1.59139784946319E-0001  -6.43326800000068E+0000
 1.59335288367629E-0001  -9.28199800000584E+0000
 1.59530791788939E-0001  -9.53643799999554E+0000
 1.59726295210248E-0001  -6.92802300000039E+0000
 1.59921798631558E-0001  -2.18381999999838E+0000
 1.60117302052868E-0001   3.22378300000128E+0000
 1.60312805474177E-0001   7.59528799999680E+0000
 1.60508308895487E-0001   9.60204899999371E+0000
 1.60703812316797E-0001   8.74768000000040E+0000
 1.60899315738106E-0001   5.52726100000291E+0000
 1.61094819159416E-0001   1.22934100000020E+0000
 1.61290322580726E-0001  -2.54421300000104E+0000
 1.61485826002036E-0001  -4.46354199999769E+0000
 1.61681329423345E-0001  -3.94742100000076E+0000
 1.61876832844655E-0001  -1.35858100000041E+0000
 1.62072336265965E-0001   2.15092200000072E+0000
 1.62267839687274E-0001   5.08455800000229E+0000
 1.62463343108584E-0001   6.17081399999734E+0000
 1.62658846529894E-0001   4.84700699999667E+0000
 1.62854349951203E-0001   1.47938900000008E+0000
 1.63049853372513E-0001  -2.76118000000133E+0000
 1.63245356793823E-0001  -6.32227899999998E+0000
 1.63440860215132E-0001  -7.83673999999883E+0000
 1.63636363636442E-0001  -6.62591100000282E+0000
 1.63831867057752E-0001  -2.95561799999996E+0000
 1.64027370479062E-0001   2.04850000000079E+0000
 1.64222873900371E-0001   6.79536899999948E+0000
 1.64418377321681E-0001   9.78921400000399E+0000
 1.64613880742991E-0001   1.01533999999956E+0001
 1.64809384164300E-0001   7.92851900000096E+0000
 1.65004887585610E-0001   4.03876100000343E+0000
 1.65200391006920E-0001  -5.81954500000279E-0002
 1.65395894428229E-0001  -2.90790399999969E+0000
 1.65591397849539E-0001  -3.58558700000140E+0000
 1.65786901270849E-0001  -2.02080299999943E+0000
 1.65982404692159E-0001   9.96159299999817E-0001
 1.66177908113468E-0001   4.12554700000328E+0000
 1.66373411534778E-0001   5.99027499999647E+0000
 1.66568914956088E-0001   5.69927299999836E+0000
 1.66764418377397E-0001   3.18917399999918E+0000
 1.66959921798707E-0001  -7.41150799999559E-0001
 1.67155425220017E-0001  -4.71579100000235E+0000
 1.67350928641326E-0001  -7.28213200000027E+0000
 1.67546432062636E-0001  -7.44322600000305E+0000
 1.67741935483946E-0001  -5.02764500000194E+0000
 1.67937438905255E-0001  -7.61893300000338E-0001
 1.68132942326565E-0001   3.98096699999951E+0000
 1.68328445747875E-0001   7.66496400000324E+0000
 1.68523949169185E-0001   9.13158099999418E+0000
 1.68719452590494E-0001   8.00145300000440E+0000
 1.68914956011804E-0001   4.79330800000025E+0000
 1.69110459433114E-0001   7.19599099999868E-0001
 1.69305962854423E-0001  -2.76413799999864E+0000
 1.69501466275733E-0001  -4.49023999999918E+0000
 1.69696969697043E-0001  -3.99628400000074E+0000
 1.69892473118352E-0001  -1.67789400000038E+0000
 1.70087976539662E-0001   1.37632800000029E+0000
 1.70283479960972E-0001   3.80447700000150E+0000
 1.70478983382282E-0001   4.48957700000028E+0000
 1.70674486803591E-0001   2.98503300000084E+0000
 1.70869990224901E-0001  -3.09193999999934E-0001
 1.71065493646211E-0001  -4.28428600000188E+0000
 1.71260997067520E-0001  -7.52355299999908E+0000
 1.71456500488830E-0001  -8.81983599999512E+0000
 1.71652003910140E-0001  -7.62013199999637E+0000
 1.71847507331449E-0001  -4.23509000000195E+0000
 1.72043010752759E-0001   2.62959000000137E-0001
 1.72238514174069E-0001   4.41626499999984E+0000
 1.72434017595378E-0001   6.89544700000260E+0000
 1.72629521016688E-0001   6.96465300000273E+0000
 1.72825024437998E-0001   4.73045399999683E+0000
 1.73020527859308E-0001   1.08629300000030E+0000
 1.73216031280617E-0001  -2.62467200000174E+0000
 1.73411534701927E-0001  -5.10335099999793E+0000
 1.73607038123237E-0001  -5.56418300000223E+0000
 1.73802541544546E-0001  -4.00959300000250E+0000
 1.73998044965856E-0001  -1.21119200000066E+0000
 1.74193548387166E-0001   1.59270400000059E+0000
 1.74389051808475E-0001   3.16995799999859E+0000
 1.74584555229785E-0001   2.76286800000162E+0000
 1.74780058651095E-0001   3.79280499999822E-0001
 1.74975562072405E-0001  -3.20034099999975E+0000
 1.75171065493714E-0001  -6.70238899999822E+0000
 1.75366568915024E-0001  -8.82365799999388E+0000
 1.75562072336334E-0001  -8.70935000000463E+0000
 1.75757575757643E-0001  -6.27086799999961E+0000
 1.75953079178953E-0001  -2.22748499999943E+0000
 1.76148582600263E-0001   2.14325100000133E+0000
 1.76344086021572E-0001   5.45554399999673E+0000
 1.76539589442882E-0001   6.70248500000162E+0000
 1.76735092864192E-0001   5.60422899999685E+0000
 1.76930596285501E-0001   2.69249499999933E+0000
 1.77126099706811E-0001  -8.96901400000388E-0001
 1.77321603128121E-0001  -3.84555900000123E+0000
 1.77517106549431E-0001  -5.13295199999993E+0000
 1.77712609970740E-0001  -4.40049500000168E+0000
 1.77908113392050E-0001  -2.06765000000087E+0000
 1.78103616813360E-0001   8.39992799999891E-0001
 1.78299120234669E-0001   3.08516800000143E+0000
 1.78494623655979E-0001   3.68937000000005E+0000
 1.78690127077289E-0001   2.30564999999842E+0000
 1.78885630498598E-0001  -6.43332599999667E-0001
 1.79081133919908E-0001  -4.11257900000055E+0000
 1.79276637341218E-0001  -6.81328699999722E+0000
 1.79472140762527E-0001  -7.68400400000246E+0000
 1.79667644183837E-0001  -6.28214999999909E+0000
 1.79863147605147E-0001  -2.95295899999837E+0000
 1.80058651026457E-0001   1.28570899999977E+0000
 1.80254154447766E-0001   5.10070200000337E+0000
 1.80449657869076E-0001   7.31321000000025E+0000
 1.80645161290386E-0001   7.31058399999893E+0000
 1.80840664711695E-0001   5.25203499999770E+0000
 1.81036168133005E-0001   1.99557300000015E+0000
 1.81231671554315E-0001  -1.22486100000060E+0000
 1.81427174975624E-0001  -3.25253199999861E+0000
 1.81622678396934E-0001  -3.42538499999864E+0000
 1.81818181818244E-0001  -1.80617600000005E+0000
 1.82013685239554E-0001   8.56899899999917E-0001
 1.82209188660863E-0001   3.42223899999954E+0000
 1.82404692082173E-0001   4.79030400000192E+0000
 1.82600195503483E-0001   4.32145399999717E+0000
 1.82795698924792E-0001   2.08223899999939E+0000
 1.82991202346102E-0001  -1.17026900000019E+0000
 1.83186705767412E-0001  -4.26026999999885E+0000
 1.83382209188721E-0001  -6.02152599999681E+0000
 1.83577712610031E-0001  -5.72543700000097E+0000
 1.83773216031341E-0001  -3.35252000000037E+0000
 1.83968719452650E-0001   3.91735000000153E-0001
 1.84164222873960E-0001   4.32235899999796E+0000
 1.84359726295270E-0001   7.19242099999974E+0000
 1.84555229716580E-0001   8.13110300000699E+0000
 1.84750733137889E-0001   6.94404400000349E+0000
 1.84946236559199E-0001   4.16852099999960E+0000
 1.85141739980509E-0001   8.65638700000090E-0001
 1.85337243401818E-0001  -1.77268100000038E+0000
 1.85532746823128E-0001  -2.85741599999892E+0000
 1.85728250244438E-0001  -2.11867999999959E+0000
 1.85923753665747E-0001   9.66577900000232E-0003
 1.86119257087057E-0001   2.56575399999929E+0000
 1.86314760508367E-0001   4.42916100000002E+0000
 1.86510263929677E-0001   4.74690600000031E+0000
 1.86705767350986E-0001   3.25884099999894E+0000
 1.86901270772296E-0001   4.02787300000000E-0001
 1.87096774193606E-0001  -2.83909199999835E+0000
 1.87292277614915E-0001  -5.29628899999807E+0000
 1.87487781036225E-0001  -6.03796400000283E+0000
 1.87683284457535E-0001  -4.71650699999736E+0000
 1.87878787878844E-0001  -1.70122400000037E+0000
 1.88074291300154E-0001   2.04653200000030E+0000
 1.88269794721464E-0001   5.31130100000155E+0000
 1.88465298142773E-0001   7.05175299999974E+0000
 1.88660801564083E-0001   6.76413699999830E+0000
 1.88856304985393E-0001   4.65017899999657E+0000
 1.89051808406703E-0001   1.53033900000082E+0000
 1.89247311828012E-0001  -1.46383500000047E+0000
 1.89442815249322E-0001  -3.30451199999879E+0000
 1.89638318670632E-0001  -3.43774699999994E+0000
 1.89833822091941E-0001  -1.97460900000078E+0000
 1.90029325513251E-0001   3.64741400000185E-0001
 1.90224828934561E-0001   2.53134100000170E+0000
 1.90420332355870E-0001   3.54741700000159E+0000
 1.90615835777180E-0001   2.87817500000165E+0000
 1.90811339198490E-0001   6.38493499999640E-0001
 1.91006842619800E-0001  -2.44134599999961E+0000
 1.91202346041109E-0001  -5.27824400000100E+0000
 1.91397849462419E-0001  -6.83093899999949E+0000
 1.91593352883729E-0001  -6.48236899999756E+0000
 1.91788856305038E-0001  -4.27004799999850E+0000
 1.91984359726348E-0001  -8.80456900000354E-0001
 1.92179863147658E-0001   2.59046799999851E+0000
 1.92375366568967E-0001   5.02362900000298E+0000
 1.92570869990277E-0001   5.66971500000363E+0000
 1.92766373411587E-0001   4.40692100000160E+0000
 1.92961876832896E-0001   1.77135799999996E+0000
 1.93157380254206E-0001  -1.24883100000079E+0000
 1.93352883675516E-0001  -3.57879999999932E+0000
 1.93548387096826E-0001  -4.44756000000052E+0000
 1.93743890518135E-0001  -3.66139900000053E+0000
 1.93939393939445E-0001  -1.66162400000030E+0000
 1.94134897360755E-0001   6.52461499999845E-0001
 1.94330400782064E-0001   2.26845799999865E+0000
 1.94525904203374E-0001   2.44569100000081E+0000
 1.94721407624684E-0001   9.98030099999596E-0001
 1.94916911045993E-0001  -1.62925600000017E+0000
 1.95112414467303E-0001  -4.51673699999810E+0000
 1.95307917888613E-0001  -6.60445400000026E+0000
 1.95503421309922E-0001  -7.07980300000054E+0000
 1.95698924731232E-0001  -5.67788000000292E+0000
 1.95894428152542E-0001  -2.78466100000151E+0000
 1.96089931573852E-0001   6.94545999999718E-0001
 1.96285434995161E-0001   3.65347200000178E+0000
 1.96480938416471E-0001   5.17443500000081E+0000
 1.96676441837781E-0001   4.84805000000051E+0000
 1.96871945259090E-0001   2.90816899999845E+0000
 1.97067448680400E-0001   1.34777799999938E-0001
 1.97262952101710E-0001  -2.43781799999852E+0000
 1.97458455523019E-0001  -3.89978799999881E+0000
 1.97653958944329E-0001  -3.79297700000097E+0000
 1.97849462365639E-0001  -2.26784799999950E+0000
 1.98044965786949E-0001  -1.44938600000017E-0002
 1.98240469208258E-0001   2.00499000000127E+0000
 1.98435972629568E-0001   2.92297300000064E+0000
 1.98631476050878E-0001   2.29615099999864E+0000
 1.98826979472187E-0001   2.77372500000183E-0001
 1.99022482893497E-0001  -2.43361500000174E+0000
 1.99217986314807E-0001  -4.84236799999780E+0000
 1.99413489736116E-0001  -6.02247899999929E+0000
 1.99608993157426E-0001  -5.45615399999951E+0000
 1.99804496578736E-0001  -3.22824200000105E+0000
 2.00000000000045E-0001  -2.96010699999982E-0003